5.0
5.0
4.98
5.0
1.01
1.77
1.11
1.0
2.46
2.46
2.46
1.01
1.01
4.58
4.58
4.21
1.04
1.04
1.04
2.99
4.94
1.02
1.03
1.03
3.84
3.04
4.92
1.03
3.91
1.01
1.01
4.94
1.02
3.82
4.32
1.12
1.67
2.8
3.16
1.01
2.18
1.15
4.37
3.05
2.58
1.14
4.97
1.01
4.98
1.03
1.03
4.01
4.97
4.31
2.09
1.0
1.0
1.0
1.0
1.0
1.0
1.0
1.0
1.0
4.31
2.62
2.29
1.76
3.99
4.33
2.84
3.01
3.93
3.73
2.99
4.98
4.58
3.95
3.66
3.66
4.23
4.0
3.18
4.67
4.24
4.4
4.57
4.98
3.36
3.87
4.36
4.36
3.95
3.76
3.76
2.88
3.33
1.0
3.87
1.02
4.51
1.01
3.12
3.93
1.64
1.01
2.44
4.97
1.84
3.88
4.86
3.92
3.92
3.12
1.85
3.85
1.69
3.95
4.88
3.0
3.97
2.0
1.19
1.79
1.0
2.15
2.08
2.36
4.5
1.65
4.09
2.89
3.21
3.23
5.0
5.0
5.0
4.99
1.02
3.76
1.14
1.01
1.02
1.02
1.93
4.3
3.88
1.15
2.41
1.52
1.15
2.97
3.94
1.47
2.56
3.06
4.8
4.0
2.56
4.04
2.96
4.99
3.11
4.97
2.39
4.19
1.49
4.0
3.1
3.1
2.66
4.67
2.47
3.59
1.52
1.54
4.85
4.09
4.09
3.67
3.6
1.71
1.0
1.04
1.01
1.0
1.01
1.01
1.01
4.19
1.71
4.11
2.85
2.28
2.63
1.54
1.22
2.17
1.01
1.01
1.01
4.68
4.68
1.02
1.35
1.04
3.96
4.86
4.43
1.01
1.43
3.43
3.85
4.07
1.01
1.01
2.95
1.01
3.2
2.49
3.39
3.39
3.85
2.9
1.31
3.03
3.72
4.45
4.4
3.75
3.31
3.52
4.99
3.65
3.65
3.72
4.37
3.74
3.74
1.01
1.67
2.06
4.21
1.0
1.0
1.0
1.0
4.27
1.0
1.0
1.0
1.0
1.02
4.64
1.15
1.11
2.78
1.86
4.4
4.15
2.83
3.6
2.17
2.74
2.95
3.6
2.81
3.18
4.82
4.52
3.76
3.56
3.71
1.02
1.06
3.17
1.02
1.9
2.56
3.07
1.92
4.85
1.96
3.98
4.18
2.06
1.03
1.02
1.48
2.02
4.42
3.65
4.14
1.56
1.43
1.36
1.26
3.54
1.13
4.33
1.01
4.96
4.78
4.1
4.09
1.02
4.15
4.39
4.24
4.17
4.33
4.99
1.0
1.64
1.0
1.09
1.63
1.0
4.96
5.0
4.67
5.0
4.98
4.76
3.76
1.0
1.0
5.0
4.98
5.0
1.0
1.23
1.0
4.97
5.0
1.0
1.0
1.0
1.0
5.0
1.0
2.35
1.0
1.28
1.0
1.0
1.19
4.34
3.34
1.0
1.08
1.08
1.01
1.01
1.01
2.05
1.0
1.3
1.0
1.09
1.62
1.0
2.81
2.93
1.25
4.05
1.83
3.91
3.63
1.86
1.92
4.33
3.47
4.11
1.15
2.14
4.83
1.66
4.47
1.99
3.94
1.29
2.03
3.57
3.57
3.57
3.68
1.01
1.01
1.04
1.01
1.01
1.0
4.95
4.84
4.84
1.01
3.82
4.82
1.01
1.93
1.42
1.47
4.9
2.14
1.27
1.04
2.86
2.86
3.36
2.02
1.02
1.97
3.43
1.02
2.46
1.44
2.09
1.88
3.01
4.74
2.35
1.03
1.94
1.03
1.04
1.08
1.04
4.89
2.53
4.52
1.07
4.01
1.12
1.67
1.06
1.27
1.06
3.84
3.28
2.7
2.9
2.9
2.24
4.16
4.12
2.97
1.01
1.96
3.85
2.29
1.0
2.31
2.54
1.93
4.48
2.05
1.15
1.03
4.17
1.8
2.95
1.28
1.65
1.49
4.66
3.97
4.97
4.97
4.72
1.53
1.02
2.62
2.72
1.27
4.69
3.52
1.45
1.02
1.35
4.59
1.02
1.02
1.02
1.0
1.0
1.0
1.0
1.0
1.0
3.59
1.48
1.01
1.01
3.45
2.1
1.03
3.58
1.16
3.83
4.29
3.73
2.5
1.82
1.2
3.91
1.52
1.12
3.99
1.17
4.28
1.61
1.01
1.83
3.96
1.01
2.11
1.01
1.6
2.93
1.41
1.18
4.62
2.96
1.6
4.86
4.93
1.05
3.97
3.96
1.67
1.02
1.0
2.33
4.33
4.33
4.33
5.0
1.0
1.0
1.0
1.0
1.0
1.78
1.0
1.0
1.0
5.0
4.87
4.27
1.0
1.0
4.99
3.27
4.05
4.94
3.24
4.9
4.91
4.04
1.0
1.93
2.6
1.37
1.07
3.04
3.18
3.4
1.04
1.11
2.32
3.39
3.02
1.39
1.77
1.01
1.62
1.04
1.01
1.01
1.01
2.23
1.01
1.01
4.05
2.22
4.26
4.88
1.04
1.7
4.88
2.5
2.5
1.01
1.08
4.81
3.97
4.16
4.32
1.01
1.01
3.21
4.33
5.0
2.03
1.0
2.33
4.83
4.99
4.99
4.04
1.0
1.02
1.05
2.69
2.61
3.01
2.91
1.23
3.68
1.0
1.0
3.22
1.8
2.9
3.95
1.72
1.7
2.21
1.0
3.83
3.73
2.19
4.34
2.97
4.96
1.56
4.72
1.8
3.46
4.07
2.43
1.91
1.34
4.59
4.59
3.6
1.27
1.48
4.32
3.55
2.19
2.1
4.48
1.08
3.9
3.6
2.13
4.81
4.28
4.97
4.5
3.83
4.71
4.98
1.51
1.04
4.9
1.05
3.6
3.44
4.85
1.01
3.09
4.22
3.81
2.65
3.77
1.02
1.0
3.46
1.67
1.06
4.87
3.18
2.27
4.2
1.69
3.92
2.44
3.53
3.57
1.02
1.53
1.31
2.63
4.21
1.48
1.66
2.58
1.64
3.71
1.07
4.89
3.43
1.21
3.8
1.05
4.0
4.7
3.29
4.16
1.02
2.32
4.43
4.74
3.83
3.87
1.1
4.99
4.99
4.92
4.99
2.44
4.93
2.22
4.6
4.52
3.98
1.15
1.07
2.09
1.17
1.52
1.57
1.9
1.03
2.0
2.43
3.92
1.25
1.86
1.0
1.0
1.89
1.89
1.37
3.72
2.3
5.0
4.99
1.03
1.08
4.12
3.13
1.0
1.01
1.01
3.64
3.64
2.87
1.58
2.09
1.65
4.58
2.44
4.15
3.63
3.74
2.67
2.71
2.07
1.64
1.25
2.48
3.52
4.37
1.02
1.01
4.73
3.71
1.49
1.01
2.83
3.52
1.01
1.13
3.14
3.92
1.68
1.03
2.98
2.55
4.28
4.76
4.19
1.68
4.6
4.6
4.08
1.27
1.98
1.0
1.0
1.0
4.49
2.66
4.46
4.22
4.2
1.03
4.18
1.11
3.91
3.29
3.83
3.35
3.35
3.96
1.02
3.88
1.02
1.01
1.01
1.01
1.01
4.69
2.73
2.02
1.05
1.04
1.04
1.08
2.89
4.15
4.82
3.47
4.29
1.11
4.69
4.91
1.01
1.01
3.63
4.99
2.87
1.02
4.24
1.01
1.06
2.56
4.74
4.86
3.99
1.08
1.08
4.78
3.39
2.68
3.89
4.37
2.72
2.84
1.03
3.73
3.48
3.99
2.8
1.5
1.81
3.64
2.53
1.09
1.01
1.01
1.01
3.26
1.13
1.02
1.05
2.82
1.53
1.49
4.88
3.21
4.62
4.8
4.89
1.33
2.92
1.44
1.14
2.22
4.31
2.14
1.01
4.23
1.61
1.01
1.2
3.82
3.82
3.56
2.79
1.23
1.42
1.02
1.36
4.76
1.13
3.46
2.8
3.48
4.99
4.16
1.0
1.28
3.03
4.99
1.0
1.17
1.33
2.31
1.0
1.0
1.0
4.55
2.53
4.03
3.95
1.58
3.75
4.73
2.01
2.72
3.85
3.97
4.36
4.4
4.56
4.03
1.96
2.55
3.57
3.98
1.0
4.99
5.0
4.98
3.8
4.69
3.95
3.53
4.85
2.81
3.46
1.0
2.2
1.1
1.0
1.14
1.52
2.41
2.09
2.83
1.11
2.74
2.03
2.24
3.21
2.82
1.75
1.01
3.46
2.03
5.0
4.84
2.67
1.62
4.04
3.64
4.97
3.2
1.04
2.02
3.49
3.15
4.27
3.75
1.0
1.01
1.0
1.01
1.0
1.0
3.21
3.28
3.15
3.91
3.85
4.86
4.96
2.78
4.09
4.45
1.99
2.91
2.02
1.0
1.0
1.0
1.0
1.0
1.0
1.0
1.0
1.0
1.0
3.41
2.47
1.05
3.72
1.61
1.03
1.0
1.0
3.2
4.96
4.88
4.08
3.5
4.8
5.0
3.99
2.95
3.61
4.1
3.6
4.22
4.25
4.9
4.8
2.67
4.38
3.3
1.14
4.99
4.87
3.46
5.0
1.0
4.37
4.72
4.84
4.91
1.95
4.13
4.22
3.15
3.87
2.3
4.91
2.99
4.94
1.07
1.26
3.82
1.0
1.0
1.74
2.79
2.98
1.91
1.02
1.11
3.02
1.22
1.27
1.03
1.01
1.26
4.92
4.04
1.04
1.89
1.44
2.5
1.78
3.42
2.77
1.0
1.08
2.32
3.93
4.51
3.69
4.49
4.27
4.64
2.55
2.98
1.0
1.16
4.1
1.0
1.0
2.84
2.84
2.96
2.96
1.69
3.38
2.92
1.2
1.03
1.43
1.01
1.05
3.88
4.55
4.32
1.39
3.93
1.09
4.87
2.04
1.53
1.0
1.0
1.0
1.0
1.63
1.64
1.03
3.5
1.16
4.12
1.86
3.65
4.15
4.08
3.54
4.16
2.75
3.7
4.16
1.02
2.81
2.8
1.57
1.02
2.29
1.01
1.04
4.16
1.01
3.84
3.84
4.1
4.78
1.08
4.58
4.37
3.52
1.46
4.02
1.51
3.14
3.34
1.27
3.6
2.8
2.65
4.57
3.66
1.01
2.84
2.45
4.35
3.07
1.66
1.8
2.8
1.92
3.47
3.35
3.85
1.04
3.22
3.94
3.09
4.13
4.45
4.09
4.71
4.67
4.44
4.04
3.79
4.81
4.88
1.08
2.91
1.04
2.3
4.48
2.15
2.18
3.16
4.55
4.17
2.14
1.91
2.94
1.01
2.4
1.01
1.51
4.35
4.51
4.39
1.03
4.95
3.87
2.91
3.19
3.46
3.31
4.91
3.65
4.84
3.8
4.24
4.81
3.78
4.14
1.86
1.43
1.02
3.72
4.03
4.96
2.61
1.11
1.9
1.81
1.52
2.95
4.13
3.84
1.52
1.1
1.21
3.19
1.08
4.37
4.94
3.79
2.02
2.0
4.52
4.35
3.85
1.4
2.95
1.03
1.68
4.68
3.96
1.3
4.23
3.4
2.18
4.92
3.16
4.01
3.85
4.94
3.49
3.48
2.13
4.79
3.75
2.52
4.48
3.88
3.88
4.55
1.05
2.35
2.35
2.89
3.2
4.23
4.87
4.03
3.06
2.29
1.03
1.33
4.79
4.83
2.54
3.44
4.52
1.94
4.59
2.62
4.27
1.36
1.03
1.51
4.76
3.82
3.82
3.12
1.15
2.15
3.78
3.42
2.14
3.59
4.02
4.68
2.06
1.46
1.82
4.8
4.55
4.76
2.18
1.16
3.16
4.03
4.38
4.81
2.36
4.76
3.07
2.31
3.36
2.18
3.9
3.18
2.5
3.93
2.83
1.49
4.45
3.41
2.55
4.06
2.75
3.52
1.0
4.78
3.17
3.69
3.64
3.64
3.64
2.43
3.06
2.01
1.43
3.66
4.1
1.06
4.18
1.34
1.25
3.98
1.2
1.0
1.21
4.47
1.03
1.51
1.75
3.24
2.38
4.85
4.73
4.9
3.58
3.0
3.84
3.01
3.66
2.39
1.01
4.66
4.53
4.15
1.52
3.92
2.19
1.02
4.46
4.33
1.01
1.01
1.01
1.01
3.53
4.81
4.81
2.36
3.5
1.69
3.17
2.1
4.72
4.27
2.77
3.83
2.02
4.02
4.31
1.26
1.53
1.06
4.3
2.99
4.83
3.69
1.03
4.89
4.89
1.18
1.09
4.86
4.74
3.23
2.82
3.67
4.93
4.17
4.69
1.02
1.01
1.44
1.01
1.05
3.57
1.15
1.18
1.01
1.77
1.01
2.01
1.01
3.02
4.33
4.23
3.76
2.87
2.65
4.99
5.0
1.4
1.03
1.0
1.02
1.01
1.0
2.15
2.46
4.86
1.01
1.01
2.3
3.18
3.3
3.64
3.64
2.47
4.03
4.81
3.65
4.47
1.02
1.94
3.13
4.86
4.11
1.01
4.44
2.03
1.06
1.31
2.08
4.67
3.06
5.0
5.0
5.0
5.0
5.0
5.0
4.89
5.0
5.0
4.99
2.41
5.0
5.0
2.73
4.97
2.35
2.35
3.77
1.02
1.12
1.14
1.01
1.0
1.65
2.73
1.09
2.12
2.12
2.12
1.0
2.12
1.0
3.41
1.12
2.36
1.02
1.02
3.96
1.12
1.01
1.01
1.11
3.46
4.05
3.61
2.68
4.22
3.68
4.93
3.62
3.53
1.01
4.0
1.57
3.44
4.02
4.99
4.35
4.34
2.17
1.92
2.09
4.38
3.93
1.19
1.4
3.9
3.9
4.93
4.57
1.03
2.95
2.78
3.52
4.2
3.97
2.93
1.73
1.55
3.13
1.71
1.34
1.76
4.84
4.77
4.77
2.92
4.08
1.12
3.2
1.01
1.01
4.21
4.57
3.31
5.0
3.51
3.96
3.78
3.78
4.54
4.26
3.71
2.76
2.95
3.04
2.89
4.54
3.7
1.07
1.58
1.0
1.2
1.0
1.01
1.0
1.2
1.0
1.0
1.01
1.05
2.41
4.87
4.9
1.39
1.75
1.91
1.98
1.74
2.75
4.33
4.42
1.61
4.46
4.51
4.63
3.45
4.32
3.95
4.1
4.1
4.48
3.36
2.55
4.64
1.56
2.29
4.89
1.01
1.07
2.04
2.13
2.13
1.26
1.54
2.56
3.25
1.63
1.94
1.94
4.61
1.01
1.03
2.22
1.04
1.43
2.83
1.35
1.35
1.94
1.01
1.02
3.68
1.02
1.02
1.01
2.5
2.34
1.97
2.08
4.12
1.86
3.26
1.33
1.29
1.32
3.13
1.5
4.09
1.32
4.04
4.51
1.16
2.89
2.86
1.02
2.79
2.16
1.91
2.18
4.06
3.18
4.35
3.57
3.57
4.44
3.2
4.93
4.93
4.93
2.4
3.76
1.77
1.38
1.14
1.14
4.61
3.81
3.59
3.83
1.87
1.87
1.02
1.76
1.42
2.06
1.69
3.79
2.3
2.96
1.68
3.26
2.28
2.5
4.16
4.93
4.94
2.2
2.6
4.82
3.13
1.8
1.08
2.89
4.38
1.03
1.31
3.34
2.08
1.01
1.6
3.38
1.66
4.28
2.3
4.57
1.08
4.15
1.05
1.83
4.5
3.97
3.47
4.92
1.33
4.12
1.67
1.06
4.08
1.64
4.13
3.55
1.9
2.73
3.97
3.93
3.93
4.87
2.51
1.02
4.16
2.13
4.98
3.32
1.36
4.99
4.44
4.47
4.76
4.99
4.19
1.43
3.66
3.53
3.76
1.04
1.6
1.18
1.6
4.77
4.99
1.91
2.73
4.72
3.04
3.58
1.48
1.06
3.38
1.15
4.65
4.54
4.0
4.99
4.99
3.03
2.84
4.64
4.64
4.64
4.7
3.88
4.85
3.04
3.04
3.14
2.73
2.73
2.73
4.18
1.01
2.59
3.36
4.25
3.44
3.05
1.01
1.02
3.31
2.3
1.09
1.86
2.09
1.0
1.0
1.14
3.35
1.25
4.11
3.55
1.01
2.63
1.42
1.0
1.0
1.01
3.8
1.49
1.96
3.06
3.18
3.97
4.78
1.33
3.03
4.96
2.85
1.02
1.02
1.32
1.62
1.5
2.88
1.05
4.14
3.87
4.27
1.54
2.73
1.27
1.3
1.21
1.01
2.58
2.58
1.0
2.02
2.83
2.97
4.88
3.31
2.69
2.58
2.99
3.24
3.34
1.41
2.93
1.49
1.08
1.09
1.03
1.14
1.02
4.58
4.67
2.63
1.8
3.95
3.55
3.49
1.01
1.08
1.01
1.01
1.01
1.0
1.0
1.0
1.0
1.0
1.0
1.0
1.0
4.62
4.79
1.63
2.94
4.37
1.16
3.33
1.89
1.06
1.3
3.19
4.98
1.01
2.86
2.11
1.59
1.01
1.01
4.22
2.12
1.01
2.31
1.42
2.35
1.4
1.23
4.17
3.39
4.03
1.33
1.68
4.88
3.43
3.68
4.38
2.11
4.55
4.35
1.07
3.41
1.06
1.46
1.68
4.21
4.97
4.98
3.08
1.07
1.2
4.96
1.04
4.8
4.67
1.05
3.8
1.01
4.32
2.63
1.18
1.01
1.01
1.38
3.74
4.77
4.8
4.54
3.81
1.66
3.27
4.17
3.05
4.13
3.42
2.13
2.18
2.21
4.96
3.66
1.57
4.06
4.89
4.29
2.55
4.1
1.22
1.19
4.94
3.8
3.62
3.62
3.85
4.67
4.1
4.1
4.98
4.19
3.7
4.72
2.84
1.82
2.43
3.52
2.29
4.57
3.07
1.5
1.35
3.09
1.06
2.4
1.51
1.44
2.92
3.35
1.05
3.96
3.71
4.82
4.82
3.54
4.98
4.4
4.83
4.94
1.07
2.9
4.98
1.04
2.77
4.99
3.97
4.34
4.98
4.1
4.92
4.69
3.83
1.99
1.52
1.01
4.92
4.69
3.76
3.23
4.58
4.66
2.21
4.4
4.94
4.98
4.44
4.97
4.98
4.78
4.3
4.83
4.08
4.98
1.02
2.61
4.41
4.55
3.09
3.09
1.53
3.43
4.77
1.3
1.05
1.24
1.03
3.02
1.44
4.74
4.75
2.68
1.88
1.51
4.16
1.77
4.1
3.38
4.21
3.01
1.17
4.03
4.93
4.93
4.91
3.32
4.09
3.04
1.47
4.96
4.87
3.31
3.21
1.01
4.04
4.73
1.02
1.01
1.01
3.78
4.99
1.02
1.42
4.98
2.64
2.25
1.02
1.01
4.63
4.71
3.7
1.04
4.47
4.87
4.87
4.81
1.06
4.61
4.22
4.77
1.02
2.84
1.02
1.02
1.33
3.26
1.27
1.93
1.4
4.16
1.36
4.64
4.48
1.89
1.03
3.77
3.36
4.65
4.77
1.85
2.09
4.77
1.79
4.98
1.62
1.83
4.39
4.95
3.65
4.61
1.69
1.1
3.83
1.02
2.98
4.78
3.81
4.01
2.06
4.11
1.3
4.89
4.89
4.92
4.91
1.05
1.04
1.05
4.51
1.0
4.1
3.34
3.53
3.53
2.38
2.94
2.69
1.08
1.13
3.35
1.42
2.19
1.12
1.27
1.13
4.46
2.06
4.58
4.25
3.23
3.68
4.0
3.18
3.06
2.17
4.98
2.02
2.94
2.84
1.14
2.96
2.99
3.36
3.76
4.8
3.55
3.2
3.67
3.73
1.64
2.81
3.85
4.29
3.86
4.97
2.24
3.73
4.73
4.46
4.64
4.12
4.32
2.29
4.23
3.96
3.99
1.46
3.92
3.96
2.99
4.44
3.19
2.21
2.3
1.52
4.67
4.73
3.81
1.01
1.01
3.7
3.7
3.39
2.68
4.69
4.74
3.13
3.05
2.99
2.92
2.48
1.04
1.01
1.01
1.08
3.99
4.42
2.49
3.67
3.67
3.02
1.0
1.0
1.0
1.0
1.0
1.0
4.61
1.97
4.3
1.09
4.68
3.79
1.06
1.81
4.17
3.98
1.63
1.01
1.17
2.01
3.55
3.55
4.24
3.96
4.12
2.11
1.05
4.32
4.84
4.87
3.97
3.97
1.22
1.02
1.33
1.87
2.05
4.86
1.92
3.14
4.51
4.15
3.31
3.31
2.99
4.24
4.19
4.91
4.61
4.33
1.0
1.69
1.0
4.64
3.65
1.01
1.16
1.01
3.46
2.2
1.1
4.65
2.87
4.55
2.98
3.71
1.36
2.94
1.08
1.01
1.36
2.83
2.51
1.37
1.01
3.06
4.3
1.28
3.71
4.68
4.08
1.27
3.31
4.94
4.06
1.01
1.01
4.94
2.85
3.11
1.0
1.01
4.94
3.82
1.01
4.96
3.08
1.02
4.2
1.15
1.16
3.76
1.01
1.05
2.94
3.26
1.03
1.01
1.04
2.46
2.48
3.95
3.92
4.98
1.02
1.75
1.09
1.06
4.69
1.29
4.65
4.09
1.63
1.04
4.15
4.15
1.14
3.42
3.44
4.43
1.08
2.12
4.11
4.96
4.75
2.87
2.87
4.14
4.99
1.01
3.48
2.75
1.01
1.71
2.52
3.47
1.05
1.68
1.1
1.59
1.22
2.81
4.89
2.87
1.24
1.09
1.65
2.17
4.95
3.5
4.05
3.48
4.08
4.97
4.98
4.3
3.27
2.96
2.96
1.21
4.95
1.04
1.01
1.18
1.35
1.01
4.85
2.03
3.88
1.19
1.01
1.63
1.02
1.03
2.74
4.01
2.04
2.45
3.76
3.27
1.93
4.33
4.85
4.77
2.24
3.43
2.15
1.04
3.66
4.65
3.31
4.93
2.03
2.14
1.24
3.58
3.89
2.04
1.18
4.95
2.84
1.04
3.7
3.27
2.25
4.01
1.06
3.0
4.1
1.07
4.89
4.92
4.73
4.73
1.66
1.09
1.09
3.41
5.0
4.58
4.89
4.99
4.06
4.9
4.66
4.6
3.61
4.99
4.66
2.59
3.52
4.15
4.76
1.03
2.88
3.89
1.04
1.03
4.25
4.32
1.01
1.01
1.01
1.31
1.31
1.01
1.79
1.01
4.31
1.37
1.35
1.07
4.07
1.04
3.69
4.87
3.08
2.94
4.46
2.52
3.46
4.25
4.74
4.39
4.24
2.33
2.55
4.68
3.14
2.3
4.38
1.14
1.74
1.49
4.69
4.03
1.07
4.25
1.75
2.61
3.54
1.57
4.27
3.95
1.16
4.3
3.42
1.05
3.14
3.54
3.13
4.98
1.04
4.18
2.93
4.08
3.2
1.01
1.01
1.01
1.01
1.01
1.18
1.05
1.01
1.24
1.09
1.07
3.67
3.98
4.09
1.19
1.03
1.04
1.45
2.63
1.12
3.87
1.95
4.16
1.21
1.08
2.96
1.05
2.44
2.81
4.11
1.55
2.68
1.23
1.38
1.08
2.56
2.4
5.0
5.0
5.0
5.0
5.0
4.33
1.0
1.0
1.0
4.33
1.0
1.0
1.0
1.0
1.0
1.0
1.0
4.4
2.6
3.22
4.32
4.74
1.05
1.01
2.84
4.48
3.21
4.95
4.95
3.24
2.2
4.3
4.86
4.85
1.01
1.0
1.0
1.01
1.06
1.93
1.06
1.07
1.07
3.68
4.05
1.01
1.03
1.03
1.72
3.38
1.83
1.06
1.97
1.83
1.67
4.21
4.07
3.59
1.84
2.02
4.58
1.78
4.16
4.44
2.08
2.13
1.09
3.2
2.23
3.92
2.34
1.03
2.35
4.97
1.04
4.64
3.87
4.05
4.05
1.03
1.68
1.13
4.78
4.79
1.01
1.01
1.46
4.98
1.02
1.01
3.79
1.19
1.07
4.17
3.01
1.05
3.38
4.72
2.42
4.26
4.32
4.78
3.12
1.09
1.7
1.9
2.0
4.82
2.11
2.18
4.15
1.64
1.7
4.09
1.07
1.01
1.01
1.01
2.39
2.89
4.68
4.18
2.12
3.59
1.05
3.66
1.01
1.73
3.49
3.49
3.49
4.96
2.43
1.05
3.94
4.92
3.7
4.77
4.9
4.92
4.07
3.93
4.06
4.06
4.42
1.62
4.37
1.02
3.86
3.18
3.88
2.0
1.02
1.02
4.89
4.75
4.05
4.94
4.91
4.75
4.3
1.33
1.29
3.46
4.3
1.03
3.69
1.05
2.9
1.08
3.31
2.57
4.97
2.96
3.85
2.63
3.55
1.01
1.01
1.01
1.01
4.6
3.32
3.65
4.98
3.1
4.32
4.32
3.3
1.0
1.01
2.92
3.15
1.02
2.35
1.0
1.01
1.0
1.01
3.05
2.69
3.78
4.97
4.22
4.98
4.87
1.72
4.11
1.01
3.73
2.06
2.18
1.47
2.3
2.94
4.15
1.01
2.94
1.01
1.01
4.8
1.85
1.06
2.81
1.3
1.87
3.85
2.03
2.21
1.05
2.59
4.79
3.25
4.99
4.32
4.32
3.17
4.06
4.06
4.06
3.78
3.78
3.82
3.93
3.93
3.93
3.93
4.71
4.71
1.0
4.98
1.21
3.82
1.01
1.0
1.0
3.03
2.73
1.01
2.31
2.13
1.0
2.87
1.0
1.0
1.0
1.0
4.33
1.01
1.0
1.0
1.0
1.0
4.99
4.99
1.01
1.01
4.12
4.11
2.23
3.1
1.39
1.39
3.48
3.38
1.06
3.12
1.1
1.05
4.12
1.04
2.36
1.25
4.2
4.26
3.31
1.11
4.07
4.08
2.09
1.98
1.02
3.11
2.83
1.07
3.05
1.57
2.01
3.13
4.5
4.07
3.75
2.64
4.12
4.07
1.1
1.03
1.02
4.86
1.15
2.65
2.99
1.91
2.17
1.33
4.81
3.6
3.43
4.38
1.98
4.63
2.33
3.71
1.61
1.49
1.01
2.65
2.06
1.04
3.83
1.05
1.08
3.9
2.84
1.09
3.67
1.01
3.48
4.09
3.22
4.02
1.55
1.01
1.21
1.01
1.02
2.09
1.06
3.28
3.66
2.94
1.35
4.03
3.66
4.98
4.98
3.29
3.38
1.99
3.03
2.64
2.64
3.27
1.53
1.03
3.6
4.33
2.29
1.09
3.79
4.88
1.53
1.02
1.02
1.0
1.0
1.03
1.01
4.96
4.96
3.63
3.63
4.56
3.01
3.59
1.02
3.93
2.29
2.08
1.22
3.94
3.44
1.11
3.46
3.46
3.04
2.03
2.29
2.29
2.43
1.17
3.51
3.5
1.42
1.1
1.81
4.81
4.76
3.5
1.01
1.48
1.01
2.6
4.06
1.16
4.11
4.96
4.26
4.09
2.41
4.23
1.01
1.01
2.84
3.01
1.01
1.7
1.66
4.14
4.27
4.99
1.09
4.65
2.0
1.0
1.02
1.72
1.0
4.99
1.07
1.01
1.0
1.73
1.0
1.0
1.01
2.14
4.24
3.49
4.49
1.0
4.45
4.99
3.38
3.38
1.86
3.32
4.99
3.89
4.87
3.4
1.48
1.22
1.01
2.65
1.09
1.66
1.0
4.3
2.67
4.99
1.08
1.0
1.22
1.1
4.85
2.86
2.55
1.07
2.77
1.02
4.97
3.72
3.72
1.5
1.92
4.01
1.02
3.44
3.44
4.29
4.29
3.2
4.0
4.0
4.16
4.01
2.81
1.05
3.24
1.65
1.2
4.7
4.7
4.97
1.14
3.08
1.04
1.23
1.05
4.38
4.98
4.17
3.61
3.74
4.82
1.01
1.6
1.67
1.04
1.03
1.02
1.02
1.02
1.02
1.02
1.02
3.35
1.48
1.35
1.28
3.41
1.02
3.2
1.01
1.05
1.01
4.6
3.71
2.61
4.86
3.66
2.19
1.97
2.7
1.07
1.05
4.25
3.97
3.37
3.76
4.23
1.03
2.86
3.75
3.33
1.84
4.22
4.54
3.89
4.71
4.71
3.61
3.61
3.36
1.25
2.91
4.18
4.64
2.49
2.75
1.01
2.66
1.5
4.46
3.4
2.28
1.07
3.79
3.69
4.51
1.21
2.08
1.05
1.09
1.04
4.52
1.97
1.01
1.72
1.01
1.01
1.01
1.01
1.01
1.01
3.23
1.93
4.62
4.31
1.02
1.03
2.69
1.05
3.25
3.65
3.65
1.51
1.41
4.86
4.95
2.46
4.26
1.1
2.57
1.0
1.0
1.0
1.75
1.0
4.44
3.44
3.44
3.66
2.39
3.43
1.0
1.82
1.01
1.01
1.35
1.17
3.12
4.08
3.14
4.87
1.02
3.9
1.0
1.64
1.12
1.17
2.89
1.0
2.13
1.2
1.0
1.68
4.63
1.0
4.87
4.6
4.82
1.57
1.09
1.1
3.99
3.78
4.55
1.07
4.87
4.07
3.48
3.28
1.01
1.01
1.01
1.01
1.01
1.01
1.01
4.55
4.12
4.36
4.84
4.32
4.79
4.79
1.02
2.86
1.01
1.35
1.29
1.01
4.97
4.78
1.68
1.06
1.06
1.05
1.06
1.13
4.24
1.75
4.98
1.01
4.74
3.97
3.83
2.4
1.72
4.37
1.33
4.71
4.99
4.98
1.01
1.01
3.63
2.63
3.03
1.02
2.61
4.38
1.0
3.47
4.98
1.05
3.19
4.95
3.57
2.75
1.41
2.45
3.26
3.1
1.05
1.13
1.18
2.24
1.01
1.12
2.79
1.83
1.01
1.28
1.28
1.43
3.03
2.23
1.71
3.81
1.33
1.21
2.66
3.61
2.04
1.02
2.17
4.97
2.32
2.1
1.42
1.25
4.02
1.74
2.58
3.38
1.27
3.48
1.0
3.09
4.06
4.12
4.28
2.12
3.08
1.37
1.0
1.16
1.02
1.01
1.39
1.0
4.06
4.92
1.03
4.95
4.22
3.9
1.02
1.69
1.68
2.33
1.69
1.03
4.64
2.05
1.01
1.01
1.01
1.01
4.34
4.65
4.38
1.04
3.59
3.87
2.54
3.73
4.5
3.85
3.85
3.85
3.57
3.57
2.19
1.12
3.8
3.29
1.09
1.05
1.92
1.99
4.51
1.01
1.01
4.99
4.34
4.9
4.9
4.82
1.08
4.01
2.24
2.7
1.34
1.08
2.13
1.0
1.0
1.0
1.0
1.0
1.0
1.0
1.0
1.0
1.0
1.0
1.0
1.0
1.0
1.0
1.0
1.0
1.0
1.0
1.0
2.41
1.01
1.02
1.7
2.83
3.31
3.05
2.09
3.79
4.17
4.65
4.62
2.39
2.62
3.54
4.72
1.36
4.25
2.78
1.69
1.23
3.67
1.03
3.23
1.02
1.06
4.71
3.79
4.27
4.34
4.59
4.16
2.36
4.84
3.08
4.01
2.84
4.56
4.69
4.38
1.72
2.83
1.04
3.73
3.68
4.53
2.0
4.56
2.97
2.85
3.69
1.76
1.05
2.65
1.05
3.96
4.35
4.2
4.2
1.02
4.2
4.9
1.68
3.09
3.79
4.98
4.98
3.03
1.01
2.28
4.4
3.65
3.17
1.01
1.18
4.3
2.51
3.9
1.01
1.06
1.0
1.01
1.0
3.86
1.86
1.19
4.28
3.03
4.06
1.08
4.56
4.56
4.56
1.74
2.2
4.1
1.66
1.3
4.02
2.32
1.96
1.96
3.2
2.87
3.99
2.01
1.43
4.01
2.53
4.73
4.01
4.8
1.03
2.13
3.35
1.01
1.01
1.01
1.01
3.62
4.55
4.76
2.11
4.26
1.68
1.03
3.17
3.24
1.3
3.83
3.5
2.23
1.73
3.91
2.8
2.7
2.7
2.7
1.67
4.25
4.55
1.62
3.1
1.01
1.93
1.01
2.07
1.53
2.55
3.11
4.13
4.66
3.92
4.1
4.1
3.77
1.49
1.04
3.76
3.04
3.18
2.84
1.09
1.57
1.03
3.49
1.09
1.05
4.26
3.45
4.66
2.99
4.18
1.02
1.02
1.59
4.11
1.46
3.75
3.75
2.24
3.79
2.99
3.55
3.03
3.03
3.03
4.3
4.4
3.86
1.39
3.15
2.72
4.25
1.01
3.69
3.1
4.94
2.57
1.45
1.55
4.21
4.76
4.86
4.31
4.06
1.07
1.22
2.77
3.72
4.99
3.3
4.17
3.89
3.91
3.71
1.0
3.03
3.06
1.03
1.91
3.86
1.34
2.18
4.2
4.96
2.35
1.03
4.97
3.08
2.86
2.29
4.93
4.93
4.93
4.87
3.82
3.82
4.89
4.17
1.57
3.55
4.59
1.91
4.17
4.16
1.36
1.3
1.04
3.88
1.51
3.29
2.26
1.24
2.75
2.77
2.77
3.69
1.05
1.03
1.04
1.71
1.57
4.92
2.51
1.37
3.34
4.55
4.01
2.88
1.49
4.8
4.91
4.83
2.95
2.74
3.61
4.8
3.86
1.06
2.07
2.07
2.67
3.93
2.31
4.73
4.63
2.59
2.77
1.76
3.6
4.63
2.79
1.86
2.33
2.87
2.63
3.75
3.75
4.96
2.2
2.2
3.55
1.96
1.18
1.28
1.03
2.13
1.01
2.8
4.04
4.99
4.97
1.25
4.1
1.01
4.95
4.98
2.85
1.02
4.34
2.49
2.01
1.42
1.01
3.98
4.31
3.82
3.91
4.01
1.41
4.07
1.02
3.46
3.62
3.68
3.68
1.57
1.11
1.02
4.26
4.27
3.86
3.44
4.95
4.15
3.74
3.2
1.92
1.01
1.01
4.61
4.15
1.11
1.11
1.11
1.01
2.34
1.01
3.83
1.01
4.22
4.98
4.46
3.3
3.3
4.96
3.67
4.52
3.82
5.0
3.57
3.57
4.89
1.02
3.53
3.53
1.34
1.0
1.0
3.37
1.0
1.25
2.56
2.56
2.8
3.92
4.75
3.09
1.01
1.01
1.01
2.2
2.32
3.94
2.68
3.14
4.99
2.1
4.65
3.28
1.56
2.77
2.77
4.38
3.99
4.71
1.84
2.0
3.4
4.6
4.95
2.9
2.9
1.15
3.32
2.24
2.09
2.92
1.56
1.03
1.02
4.36
2.72
3.61
4.72
4.99
4.62
1.31
1.02
2.48
3.81
4.08
3.98
3.99
1.21
3.51
4.08
1.61
1.22
4.96
4.81
4.81
4.53
1.17
1.21
4.88
1.04
1.05
3.68
3.66
3.89
3.89
4.08
4.92
3.08
3.15
3.4
3.67
2.33
2.13
3.03
2.91
1.03
2.61
1.11
3.2
3.18
4.99
3.75
1.02
1.01
1.01
1.01
1.01
4.31
1.52
3.47
4.22
4.39
3.44
4.01
2.63
2.04
4.52
3.23
3.23
4.31
1.01
1.17
1.32
1.93
1.01
1.02
4.94
1.16
1.0
1.86
2.18
2.18
1.64
2.71
3.7
3.98
1.7
3.81
3.65
4.54
1.28
1.17
1.47
4.52
2.47
1.87
4.73
2.18
1.33
4.75
1.19
1.95
1.28
4.36
1.7
4.34
3.81
1.14
3.09
1.33
2.24
4.37
4.26
1.03
2.42
1.02
4.98
3.77
1.02
4.59
3.19
3.82
3.87
4.66
4.66
2.79
2.79
3.29
4.93
3.37
4.02
2.9
4.65
3.24
3.94
3.94
4.9
5.0
4.94
3.98
3.55
4.56
3.68
3.3
1.1
1.29
2.38
2.0
1.01
1.0
3.04
1.19
2.56
1.13
2.06
4.82
2.66
3.29
2.92
2.14
2.0
3.47
4.89
2.67
4.11
4.09
2.17
3.31
3.44
1.03
4.04
3.83
1.24
1.11
2.53
2.05
1.39
1.73
1.58
1.86
1.39
4.87
1.05
4.86
1.07
3.15
4.73
4.44
2.2
1.06
1.07
2.99
3.17
1.17
1.98
1.82
1.15
1.95
2.93
2.34
2.66
2.0
2.3
5.0
4.33
4.33
5.0
1.67
1.01
1.0
1.0
1.67
2.25
1.0
4.33
5.0
2.33
1.0
3.24
4.97
3.16
3.16
5.0
4.65
4.16
4.6
4.98
4.64
1.79
4.79
4.78
4.78
4.65
4.36
4.36
4.99
1.0
3.45
3.0
1.2
1.0
1.34
3.39
4.27
1.07
1.04
4.57
4.18
1.04
4.42
1.38
3.73
2.16
1.41
4.84
2.3
1.73
2.47
3.16
1.0
1.0
2.87
4.43
1.03
1.04
2.11
3.51
2.15
4.43
2.99
1.55
4.09
1.69
3.43
1.14
4.97
4.97
4.32
1.03
1.02
2.48
2.05
4.23
1.95
4.21
1.03
1.83
1.2
1.01
2.07
1.02
2.09
1.31
4.0
1.08
3.13
2.43
3.44
3.11
2.81
4.14
3.14
2.69
1.0
1.01
1.01
1.01
1.01
1.01
1.01
1.01
3.79
3.78
3.78
3.88
3.44
4.98
2.31
4.64
1.85
4.96
1.52
3.37
3.9
4.16
3.33
1.02
4.34
3.2
1.04
2.62
1.05
1.31
1.0
1.0
1.0
5.0
5.0
4.98
3.15
3.15
4.3
3.5
3.02
3.88
4.98
4.99
3.16
4.99
3.3
1.0
1.0
1.0
1.0
1.0
1.0
1.0
1.03
1.03
1.0
1.0
2.59
1.88
1.0
1.1
1.0
1.51
1.32
4.87
4.78
1.02
3.55
1.03
4.71
1.23
2.61
1.01
1.01
1.01
1.01
1.64
2.81
1.07
3.64
4.1
3.49
2.13
1.01
1.01
1.01
1.01
1.01
4.54
2.24
2.78
4.07
2.15
1.09
4.85
4.81
3.0
1.02
2.37
3.01
4.88
3.77
4.61
4.83
4.78
4.96
2.96
2.22
4.55
3.2
4.52
1.4
1.14
1.1
3.22
1.26
4.96
3.93
3.49
3.76
2.85
1.02
4.96
4.17
2.11
3.94
1.09
4.87
4.06
3.01
1.05
1.16
1.31
1.08
4.99
3.12
4.98
4.68
4.98
4.79
2.82
1.0
1.07
1.07
1.0
1.06
1.01
4.99
4.96
5.0
1.01
1.01
3.64
4.44
4.43
1.55
2.39
1.02
1.7
1.92
4.0
3.4
4.95
4.95
1.12
1.02
1.02
3.43
1.75
3.79
3.89
4.25
1.6
1.26
4.33
1.0
1.01
1.95
1.0
1.0
2.33
1.0
1.0
1.0
1.0
3.58
3.66
3.24
2.03
4.92
2.13
1.01
2.13
3.42
1.32
1.0
2.5
1.0
1.0
1.12
1.0
3.13
1.04
3.76
1.92
3.55
4.67
2.95
3.86
2.19
4.97
2.96
3.29
2.75
3.19
2.51
1.58
1.45
1.03
2.49
1.07
4.25
3.0
3.02
4.33
4.24
4.29
4.68
1.87
2.59
1.92
2.72
2.72
2.72
4.97
4.97
4.45
1.02
3.11
1.8
2.16
3.57
3.79
2.73
4.99
4.99
3.55
3.55
2.91
1.66
1.01
1.97
4.36
1.51
1.31
3.67
4.36
4.31
3.29
3.29
4.68
3.03
4.79
4.79
3.5
1.08
2.72
1.28
1.33
1.3
3.36
1.58
3.38
3.32
1.06
1.49
2.17
4.36
1.14
1.97
1.92
4.8
4.96
4.81
4.81
4.81
1.01
1.23
1.23
1.01
1.01
1.01
1.02
1.11
4.85
1.83
1.89
4.99
4.74
4.68
4.67
2.24
3.52
3.81
3.09
3.09
3.95
3.56
2.04
3.97
3.97
3.15
3.41
4.08
3.19
3.68
3.68
3.68
2.15
1.27
1.87
3.99
2.33
3.35
1.07
1.93
1.75
4.31
1.0
1.95
1.21
2.8
2.25
1.05
1.31
1.96
1.73
4.39
3.6
4.58
4.32
1.05
2.08
2.83
4.86
1.98
2.44
3.72
4.14
4.74
2.54
4.73
4.24
3.04
1.98
4.47
4.52
4.67
4.79
4.69
2.61
4.34
1.63
1.39
1.01
1.01
1.01
1.01
1.01
4.65
1.19
1.57
4.76
4.48
2.67
4.19
2.62
1.12
1.12
1.01
4.24
4.98
4.23
1.01
1.01
1.06
1.67
1.01
1.01
2.33
1.01
1.16
3.49
1.38
1.08
1.36
1.2
1.07
3.97
1.72
4.66
3.02
4.97
2.4
4.02
1.02
3.35
2.97
3.14
1.25
3.56
3.77
4.13
4.25
1.74
1.97
3.33
1.02
4.17
3.87
1.02
1.01
1.39
4.24
3.0
1.31
1.33
2.18
4.71
2.77
1.0
4.29
2.17
1.01
1.01
4.41
3.6
2.94
4.6
3.55
2.99
3.05
4.65
2.51
1.33
3.42
4.91
2.98
1.38
4.97
2.12
3.8
3.8
3.34
1.52
3.12
3.12
3.12
1.32
3.17
4.44
1.29
2.0
1.17
4.31
4.31
2.48
3.96
2.41
2.41
2.71
1.28
2.34
4.88
4.98
4.98
4.98
3.9
3.46
3.97
1.4
2.57
1.0
1.45
1.0
1.01
1.0
1.0
1.05
2.25
1.07
3.1
2.22
2.6
2.15
2.15
2.15
1.64
1.25
2.73
2.18
2.75
1.76
4.41
1.36
2.31
4.24
2.08
4.25
4.25
4.33
4.62
1.07
1.23
4.0
4.77
3.3
4.54
4.26
1.06
1.66
2.17
4.16
3.95
3.64
2.36
3.8
2.99
2.72
1.22
2.29
1.01
4.64
3.08
1.02
1.0
1.0
1.0
1.0
1.0
1.0
1.0
4.77
4.63
1.22
2.94
2.94
4.18
2.41
4.07
4.07
4.4
4.4
4.07
4.26
4.13
4.37
4.45
4.17
1.26
2.03
1.71
1.91
2.03
2.2
1.68
3.38
3.89
3.94
1.02
4.46
4.22
4.44
3.74
4.12
2.8
3.17
3.06
4.81
1.14
1.54
1.08
2.91
3.95
3.89
1.77
1.69
1.69
1.12
1.98
3.99
1.06
4.01
2.0
2.82
3.89
1.9
2.64
2.75
1.35
2.7
1.11
1.56
1.82
1.03
3.52
4.28
4.28
1.87
4.07
2.99
3.22
3.01
1.08
4.59
4.99
1.0
3.59
1.67
1.0
1.0
1.01
1.01
1.01
1.01
1.01
1.01
1.01
4.99
1.67
1.67
3.99
3.66
4.99
4.99
4.33
1.0
1.74
2.09
1.47
1.0
1.01
1.0
3.65
1.0
1.0
1.02
1.0
1.01
1.0
4.19
2.84
2.9
2.88
4.42
3.68
4.91
4.88
1.36
2.12
3.3
3.3
1.23
1.02
1.06
1.06
4.46
2.79
1.01
1.01
2.63
1.68
4.75
4.75
1.15
1.09
1.01
2.13
3.42
3.76
1.97
1.05
1.05
1.05
1.06
4.39
4.28
1.51
1.11
4.97
4.9
4.16
4.01
4.97
2.87
3.84
4.25
4.89
4.39
4.15
2.71
1.86
1.53
2.81
3.91
1.46
3.16
3.12
4.67
4.09
4.41
4.68
2.63
3.76
2.88
3.02
3.6
3.3
4.98
4.47
3.24
4.35
4.08
1.02
1.21
3.51
1.01
1.01
2.5
1.01
1.02
3.24
3.24
3.24
1.07
1.02
1.35
3.56
2.93
2.0
2.88
4.22
4.7
1.05
4.87
1.38
2.34
4.97
4.59
4.86
3.33
3.7
4.84
1.6
4.63
3.83
4.22
2.76
1.07
1.3
1.04
1.98
4.74
4.6
2.05
2.51
2.97
1.0
2.2
3.42
4.94
4.42
2.68
2.46
2.38
2.38
3.93
2.76
1.0
1.0
1.75
1.0
4.99
1.0
2.54
1.2
2.71
1.59
2.94
2.94
2.58
1.94
4.78
1.01
1.01
4.26
2.91
4.88
2.24
4.33
4.47
2.01
2.91
1.02
1.94
4.45
4.21
4.38
2.07
3.89
2.06
4.92
3.23
1.68
4.66
4.22
4.1
4.02
3.92
1.02
1.47
4.93
1.88
1.06
3.56
4.33
4.24
4.24
4.24
4.78
1.67
1.0
1.0
3.95
2.96
3.19
3.93
3.95
2.15
1.89
1.04
1.04
1.03
1.03
1.02
1.18
3.26
3.62
1.35
3.82
4.23
2.7
4.88
3.84
1.05
3.94
4.91
4.85
4.34
2.09
4.05
1.02
4.99
4.94
4.95
4.81
2.3
2.6
1.0
1.52
1.54
1.51
1.01
2.89
1.34
4.99
3.08
4.43
4.87
4.87
1.0
2.91
4.87
4.61
1.52
2.04
1.01
4.35
3.22
3.87
4.64
4.95
4.57
1.1
2.32
4.69
1.0
1.0
1.73
1.71
1.71
1.0
2.2
1.03
3.89
1.0
1.52
1.26