4.33
4.33
5.0
5.0
5.0
5.0
4.83
1.77
1.59
1.11
1.11
1.01
1.01
1.02
1.02
1.05
1.04
4.31
4.09
1.43
1.07
2.66
1.77
2.05
3.89
3.24
4.74
1.39
2.95
3.32
1.79
3.16
3.16
3.79
4.93
4.03
1.01
4.91
4.92
4.76
4.98
4.15
1.11
4.79
4.57
1.07
1.04
1.04
1.0
1.0
1.0
1.0
1.0
1.0
1.0
3.31
3.31
2.54
1.11
1.04
1.32
1.84
1.21
2.45
4.58
4.9
4.8
4.72
4.92
4.3
4.03
4.59
3.7
3.7
4.3
4.16
3.24
2.95
4.0
4.92
5.0
3.63
1.45
2.55
5.0
1.82
3.11
2.41
1.0
1.17
1.0
1.22
4.61
3.82
3.18
1.47
4.46
5.0
5.0
5.0
5.0
5.0
1.02
3.48
1.02
4.32
3.9
2.49
4.74
1.27
4.97
1.16
4.84
2.74
4.55
3.18
3.43
1.6
1.72
3.55
3.65
3.23
3.05
4.01
4.66
4.7
3.82
4.21
4.65
3.11
3.12
1.06
1.01
1.6
4.82
2.37
3.72
1.01
3.0
3.2
3.67
3.87
1.22
3.34
1.05
2.68
3.6
3.6
1.71
1.71
3.9
3.88
3.6
1.01
4.78
4.56
1.72
2.18
4.05
1.01
1.01
1.01
3.39
1.11
4.64
1.21
3.03
1.87
1.54
1.71
4.73
1.69
3.43
2.61
3.85
1.01
2.58
3.25
1.01
2.8
2.27
4.82
3.03
3.03
3.09
1.0
4.93
5.0
4.09
3.75
3.75
3.11
3.78
4.98
3.65
2.87
2.87
5.0
1.0
1.0
1.0
1.0
1.0
2.66
1.0
3.64
1.0
1.03
2.66
1.0
1.0
1.6
1.0
4.98
3.39
1.09
3.79
2.34
2.34
2.34
2.34
4.61
3.16
3.6
2.53
2.31
2.44
3.85
4.07
3.78
4.11
3.9
4.73
3.42
1.45
2.8
4.27
2.06
1.04
4.93
1.02
4.36
4.42
3.65
4.45
1.09
1.73
4.13
1.41
2.52
1.12
4.33
1.01
1.03
4.97
4.33
1.0
4.34
1.0
1.15
4.37
1.0
2.76
4.38
3.0
3.76
1.0
1.0
3.65
5.0
4.39
4.39
3.67
5.0
1.0
5.0
4.97
1.0
1.0
1.0
1.0
1.05
1.02
1.0
1.07
1.0
1.0
1.0
1.49
1.49
1.0
1.0
1.0
1.0
1.19
1.19
2.83
1.53
1.0
1.08
1.11
1.69
1.23
1.1
3.39
3.39
1.58
2.84
2.3
4.0
1.41
1.92
3.79
1.09
2.22
1.41
1.18
3.29
2.32
2.36
4.3
4.91
4.47
2.12
3.26
1.15
2.28
4.77
1.03
4.82
4.88
1.01
1.01
1.01
1.0
1.01
1.0
1.01
1.01
1.18
1.63
1.01
3.45
3.45
3.82
1.13
1.2
4.32
1.78
1.04
3.15
1.02
1.01
3.43
1.52
3.06
4.91
3.12
3.82
1.27
4.06
4.33
2.28
1.18
3.76
4.58
3.51
4.65
3.73
1.9
3.1
3.7
3.77
4.82
4.72
1.08
4.88
1.52
3.41
1.84
2.25
1.27
3.55
4.27
3.84
4.08
3.28
2.05
3.93
3.26
4.94
3.36
1.0
1.47
3.78
3.85
1.56
1.0
1.01
3.52
2.75
1.03
4.94
1.02
3.96
4.99
4.99
4.99
3.62
1.0
1.0
1.0
1.48
1.03
1.03
1.01
1.02
1.01
1.02
3.25
1.38
1.58
1.84
4.43
1.04
2.07
2.67
1.04
4.88
1.06
3.02
2.25
1.12
2.91
4.45
2.8
2.55
1.76
1.68
4.33
1.65
1.01
1.88
1.58
1.02
1.02
1.02
3.49
3.94
3.94
4.52
1.78
1.83
3.08
3.04
2.38
4.86
1.03
5.0
1.0
4.62
5.0
4.8
4.53
4.53
3.09
1.06
4.21
1.07
4.9
2.92
4.04
1.01
5.0
4.09
4.95
2.54
4.54
3.24
4.82
2.44
4.97
1.0
1.01
4.95
4.31
4.84
1.01
3.21
1.01
1.16
2.77
1.04
1.01
1.01
4.98
4.88
4.77
4.25
3.77
3.66
1.28
4.09
1.73
1.67
4.82
1.02
3.34
1.06
3.71
5.0
5.0
1.0
1.91
1.05
1.05
1.0
4.99
4.83
4.99
4.04
4.04
1.0
1.01
1.57
1.57
1.41
1.0
1.49
1.0
2.65
2.76
1.0
1.49
1.0
2.97
1.73
1.05
2.98
1.95
1.97
1.86
4.84
4.08
4.23
4.91
1.17
3.9
4.66
4.15
4.41
4.31
1.03
4.58
1.07
1.87
2.87
1.27
1.87
4.16
4.01
1.4
1.63
4.97
4.96
1.76
4.96
2.94
2.79
3.68
4.1
4.1
1.65
1.03
1.49
4.81
2.98
3.44
1.18
1.31
1.19
4.84
3.68
1.21
3.07
4.17
1.88
1.01
3.02
1.14
1.05
2.48
1.01
1.46
4.96
4.37
4.67
4.67
1.82
1.46
1.01
1.42
1.06
1.09
3.51
2.9
2.17
3.41
3.41
3.57
3.98
3.98
1.0
2.94
1.0
1.03
1.27
1.51
1.51
1.65
3.0
2.84
3.56
3.17
4.19
4.37
3.98
1.03
4.7
3.3
4.32
4.12
4.41
3.9
1.02
2.71
1.06
3.81
1.88
2.78
1.05
4.03
4.05
2.97
1.29
1.0
1.2
1.17
3.08
1.0
2.23
1.57
3.78
1.9
2.0
2.09
4.1
1.01
2.09
2.29
1.0
1.1
3.04
1.0
3.68
1.0
2.02
2.53
3.2
1.04
3.85
2.43
4.37
2.84
2.84
2.84
1.2
3.72
5.0
4.99
4.33
1.01
1.67
1.58
1.67
1.01
4.65
3.19
3.07
4.11
1.0
1.12
3.89
1.5
1.29
3.63
4.91
3.77
4.81
4.6
2.67
2.67
4.87
3.16
1.04
4.27
3.83
1.18
2.76
1.77
3.56
1.38
1.21
1.01
4.0
4.9
4.66
4.97
4.75
4.98
4.98
4.19
1.01
1.56
4.5
3.92
4.71
4.89
2.03
4.08
2.07
3.0
2.99
1.3
1.05
3.95
4.18
1.77
2.76
2.39
1.27
1.15
1.13
3.09
1.05
4.59
3.35
3.88
1.01
1.23
1.79
3.52
4.56
4.64
4.35
4.79
1.06
2.74
1.15
4.14
4.15
4.15
1.03
2.87
3.09
3.2
1.12
4.7
1.23
1.11
1.11
1.04
3.85
4.01
3.4
2.2
1.57
1.03
2.06
1.01
2.81
4.99
1.01
1.01
4.99
1.01
1.09
3.54
3.2
4.86
4.86
4.56
3.32
1.11
1.71
2.68
1.56
1.77
3.87
2.93
4.57
2.83
2.77
4.73
4.39
2.2
1.96
1.91
1.23
1.32
2.58
1.02
3.73
1.85
2.16
4.36
1.17
1.06
1.01
1.01
4.81
3.21
4.36
3.12
4.29
1.32
4.8
1.54
3.02
2.59
1.02
3.28
1.19
3.0
4.69
4.98
4.33
4.34
2.47
3.55
4.9
4.99
2.21
5.0
4.11
3.96
4.98
4.27
4.31
4.82
1.01
2.44
1.15
1.01
1.02
3.69
1.03
3.56
3.33
1.86
2.19
1.01
1.15
2.44
1.02
1.02
4.99
1.39
3.0
2.8
4.99
1.28
1.28
3.03
4.63
1.22
1.25
2.86
4.67
1.33
4.05
2.91
2.69
2.69
1.61
1.61
1.61
1.03
1.58
4.52
3.19
1.07
3.34
1.13
1.11
1.59
2.23
1.42
5.0
4.4
2.55
3.57
5.0
3.77
5.0
5.0
3.8
3.17
4.09
4.53
4.38
3.8
3.57
3.57
2.9
4.46
4.44
4.8
3.3
1.08
3.64
2.97
2.52
1.09
1.17
2.45
2.26
1.52
1.0
2.75
2.64
2.36
4.98
1.62
1.01
1.0
4.54
1.23
2.4
1.8
1.1
1.66
1.0
3.11
1.02
4.28
4.28
4.28
4.96
3.39
3.39
1.32
1.56
2.42
3.15
2.87
2.87
4.27
1.12
1.01
2.02
2.02
1.01
1.0
4.07
4.22
4.07
3.93
3.25
2.96
2.13
1.0
1.0
1.0
1.0
1.0
1.0
1.0
1.0
1.0
1.0
1.0
1.0
1.67
3.89
3.89
4.79
4.92
1.89
1.03
1.62
1.0
1.0
1.29
4.88
4.08
3.41
4.17
3.11
5.0
4.85
4.28
1.67
5.0
5.0
4.14
4.99
4.99
4.38
4.99
4.99
4.37
1.02
4.99
2.87
4.58
4.17
4.34
2.5
5.0
2.86
4.91
3.15
1.03
1.9
1.9
1.0
1.33
2.69
1.53
3.93
1.48
2.56
1.0
1.76
2.24
4.98
2.91
2.49
1.03
1.0
1.0
1.71
4.8
2.63
4.28
5.0
4.49
4.33
4.33
3.18
5.0
2.73
3.21
4.99
5.0
4.99
1.01
1.07
4.29
1.27
1.0
2.53
1.0
1.02
1.0
4.99
1.01
1.01
3.63
4.29
4.44
4.47
1.91
2.9
1.19
1.73
2.4
1.0
1.0
1.0
4.37
1.06
3.38
3.42
4.32
1.25
3.88
2.97
3.2
3.94
2.33
4.02
3.83
1.79
4.2
4.57
4.02
1.94
1.34
4.01
2.1
4.97
4.99
4.89
4.99
1.01
3.65
4.02
2.78
4.91
1.14
2.09
2.88
2.94
4.04
4.44
3.83
2.61
4.97
4.86
4.97
3.17
1.21
4.88
1.66
1.18
2.25
1.17
1.17
1.47
1.6
1.47
1.73
2.75
1.02
1.01
2.88
3.03
2.75
1.02
1.02
1.02
4.13
1.32
3.65
4.5
4.74
1.18
1.24
2.05
1.51
4.12
2.99
3.87
2.68
1.04
4.94
3.42
1.04
4.5
3.16
3.14
3.14
4.83
1.06
2.11
1.01
1.0
1.03
1.02
4.34
2.75
3.8
2.11
4.39
4.94
2.2
1.53
2.62
1.32
4.8
1.03
4.97
3.51
2.91
2.43
4.86
4.12
3.01
1.38
1.01
4.46
3.84
2.79
3.22
3.37
1.14
1.93
3.07
3.53
4.52
4.78
3.17
1.01
1.75
3.95
1.52
2.64
2.7
2.93
1.23
4.24
1.48
3.08
4.25
4.22
1.03
1.05
3.49
3.92
2.19
3.85
2.95
3.45
2.7
1.71
3.76
4.72
2.24
4.54
1.03
1.61
4.2
2.84
4.82
2.05
4.39
4.49
3.76
4.65
4.5
4.79
2.8
1.75
3.89
3.88
1.02
3.72
1.87
3.3
1.05
4.08
3.68
4.63
3.77
4.27
1.81
2.44
2.61
4.25
2.97
3.99
3.59
4.61
4.01
1.68
1.23
4.39
4.54
2.17
1.01
1.08
1.16
1.49
1.19
1.55
3.77
2.48
3.55
4.54
4.23
4.85
3.57
1.03
1.63
3.79
4.17
2.45
4.38
1.7
1.42
2.17
1.16
4.48
3.94
1.99
3.04
4.66
3.99
3.99
1.58
3.36
2.55
2.55
3.1
4.13
3.52
3.23
3.17
2.73
2.27
3.64
3.64
2.43
2.76
3.31
1.96
2.02
1.02
3.36
2.78
1.0
2.01
1.94
2.4
2.18
4.1
3.89
1.56
1.5
4.71
3.26
4.61
3.75
1.18
4.42
3.22
2.02
1.01
1.01
1.01
3.17
1.1
1.01
1.45
4.95
4.92
4.52
4.96
4.66
1.42
2.56
4.04
1.61
4.28
4.83
3.83
1.87
4.95
4.92
3.1
3.1
1.07
2.02
1.57
1.01
1.01
4.69
3.58
3.58
3.62
3.62
4.81
4.16
2.27
1.01
2.17
1.09
3.1
3.35
2.14
1.05
4.01
3.1
2.3
1.01
1.38
4.55
3.8
3.52
3.52
1.5
4.2
1.99
1.32
1.44
3.16
3.16
4.15
1.08
2.25
4.23
4.54
1.79
1.58
4.48
2.87
4.42
4.43
2.42
3.87
3.85
2.87
3.38
1.01
1.01
1.01
1.01
1.01
1.33
4.51
3.88
3.63
1.18
1.45
1.01
1.01
3.37
1.06
2.68
4.7
1.0
2.65
4.99
4.99
4.45
1.97
2.56
4.99
2.81
1.04
2.41
2.38
1.01
2.58
3.15
3.15
1.0
4.73
2.15
4.18
1.25
1.31
1.0
4.48
4.98
4.86
4.86
4.98
4.33
4.03
1.41
1.46
3.42
3.62
3.62
2.47
3.24
4.12
4.12
3.64
4.47
2.45
2.08
1.07
2.28
2.28
4.57
4.19
4.49
4.35
4.35
1.15
1.01
3.17
1.1
2.22
1.06
2.11
2.63
3.15
1.36
1.92
1.05
3.01
3.28
4.0
1.95
3.29
3.08
5.0
5.0
5.0
5.0
5.0
2.41
5.0
5.0
1.66
3.03
1.14
1.0
3.51
2.63
3.13
2.12
2.12
3.0
1.65
1.01
2.12
2.12
1.39
1.0
4.78
1.36
2.23
1.12
1.02
1.02
1.01
1.01
1.14
1.11
1.31
3.7
4.99
3.96
3.3
4.1
2.26
4.07
4.67
3.84
2.81
2.12
4.86
3.3
4.05
4.6
2.17
4.99
4.24
3.4
3.2
1.95
4.85
4.1
1.02
3.58
4.69
3.23
4.73
3.21
2.32
2.32
1.1
2.3
4.11
3.98
1.06
4.83
2.12
2.66
3.88
3.88
1.1
2.99
2.11
1.35
1.1
1.85
3.02
2.46
3.88
3.35
1.01
1.01
2.91
1.76
4.75
2.57
2.53
3.78
4.27
1.72
2.89
3.46
4.22
4.22
4.54
3.86
3.86
3.86
3.7
3.7
1.01
3.25
1.21
2.26
1.0
2.06
1.19
1.18
2.41
3.57
4.71
3.57
4.85
1.17
3.71
3.46
1.72
1.85
4.99
4.83
4.1
3.36
3.43
2.76
3.73
3.71
4.64
2.06
1.54
2.53
1.02
1.35
2.96
1.02
3.73
1.02
1.67
1.78
1.13
4.68
3.24
1.02
1.02
1.02
1.89
1.89
1.35
1.89
1.02
1.02
1.02
1.03
3.73
3.25
1.95
2.67
1.06
1.85
1.38
1.21
3.16
3.82
4.0
1.02
1.02
1.02
1.02
4.83
4.12
1.09
3.92
3.89
1.97
1.97
4.33
1.06
4.72
3.8
4.3
4.29
2.01
1.02
1.02
3.22
3.57
4.07
2.74
2.51
1.02
1.02
1.02
4.97
1.02
1.87
1.02
1.02
4.57
4.57
2.06
3.61
3.2
4.09
1.68
1.06
1.55
2.92
2.48
1.01
1.02
1.01
3.92
3.89
4.86
3.05
4.05
1.61
1.8
1.14
4.71
3.52
4.67
4.38
3.5
2.31
1.58
1.5
2.88
3.61
2.2
2.12
3.38
4.45
1.42
4.9
1.85
3.28
4.39
3.16
2.22
1.21
2.98
4.19
4.65
2.18
2.97
1.6
1.48
1.78
3.93
4.21
2.98
1.02
1.01
3.44
1.69
3.17
4.66
2.72
4.05
2.15
2.0
4.09
1.58
1.82
1.38
1.03
4.7
1.04
3.48
3.16
4.73
1.65
4.43
2.26
3.41
3.92
3.11
4.35
4.35
3.91
3.91
2.99
2.99
3.86
2.74
2.33
3.89
3.6
1.43
3.35
1.0
4.05
1.04
1.0
4.15
4.55
3.94
1.19
1.69
2.7
1.01
4.11
4.11
1.87
1.87
1.65
2.03
3.28
4.94
1.01
4.73
4.45
4.97
3.1
4.79
4.89
1.83
4.58
1.77
1.3
4.97
1.01
3.03
3.69
4.21
4.21
1.01
1.01
1.02
1.27
3.73
4.08
4.6
4.07
4.17
1.28
1.19
1.01
3.32
2.32
4.22
1.01
1.01
1.01
1.01
1.16
1.13
4.57
3.65
3.86
3.43
4.84
2.0
3.63
2.89
2.08
3.24
1.11
1.22
1.29
4.58
4.58
2.82
3.78
2.05
1.87
1.06
2.93
1.08
1.93
4.1
3.73
2.93
1.0
1.0
1.0
1.0
1.0
1.0
1.0
1.0
1.0
1.0
1.0
1.0
1.0
1.0
3.83
4.38
1.08
3.19
1.03
1.01
1.03
1.03
3.9
2.13
4.16
2.64
1.82
3.27
1.11
4.34
4.33
1.11
1.29
1.04
1.45
4.53
2.9
4.13
3.45
1.36
4.3
4.71
1.06
3.45
2.42
3.69
4.18
2.04
3.96
3.96
3.11
3.78
2.81
2.18
2.26
4.81
1.75
3.93
1.24
2.29
3.99
4.51
2.46
4.95
3.89
4.59
4.41
3.08
1.06
4.04
1.28
4.86
3.29
2.44
3.05
4.37
4.07
1.43
3.72
3.61
3.32
4.96
4.99
1.2
4.46
4.95
1.01
1.19
2.37
3.74
1.01
3.17
1.65
1.13
2.98
4.91
1.16
4.91
4.88
1.09
4.11
2.98
1.06
3.54
4.98
4.98
4.52
4.03
4.99
4.63
4.87
4.56
4.15
3.0
3.12
1.13
4.61
4.63
3.9
4.1
4.96
4.9
4.99
1.01
4.41
4.82
1.01
4.69
3.05
3.05
1.06
4.59
4.78
4.98
1.04
1.5
4.08
4.16
3.59
3.67
3.97
4.1
3.35
4.9
2.61
4.1
1.11
4.95
3.13
4.74
2.7
2.7
3.44
2.7
3.85
1.0
4.83
1.0
3.87
3.02
2.36
2.94
3.86
2.6
4.21
1.28
3.96
2.7
1.13
2.11
1.93
1.11
4.93
4.93
4.93
2.9
3.27
4.79
3.88
3.88
2.19
3.32
3.32
4.09
3.73
1.21
2.7
2.73
2.3
4.87
4.87
3.86
3.21
2.72
4.73
1.01
3.49
4.73
4.98
4.98
4.98
3.21
4.05
4.97
1.06
1.01
1.01
1.03
4.23
1.8
3.1
4.12
3.49
1.52
4.69
1.02
1.2
1.06
1.01
1.33
4.65
1.19
1.82
2.7
2.83
1.69
4.01
3.14
4.9
4.96
3.83
3.19
4.6
1.09
4.0
2.59
3.78
1.23
4.94
4.37
4.37
2.04
2.04
4.29
1.33
3.12
1.42
4.97
1.02
1.02
2.76
2.56
3.94
1.49
3.65
3.63
3.95
2.29
1.27
1.04
4.01
2.52
2.06
1.0
1.0
1.0
1.0
1.0
1.0
1.0
1.1
2.81
4.03
4.22
1.86
1.14
2.18
1.14
3.08
2.58
1.59
1.71
4.1
2.74
1.14
1.59
4.35
4.29
4.46
2.77
4.82
2.95
3.76
2.22
2.42
2.37
3.91
4.52
1.74
3.25
3.63
4.11
4.54
4.71
4.82
3.55
2.74
2.49
3.98
4.39
3.69
3.56
2.82
3.44
3.44
3.63
2.25
2.32
3.52
4.01
4.56
1.2
1.57
2.74
2.99
1.79
3.87
2.68
2.85
4.15
3.69
1.88
1.64
1.61
2.2
4.73
1.15
1.01
1.01
1.01
1.01
1.01
3.47
2.68
4.82
1.02
1.01
1.02
2.46
2.92
1.9
1.01
2.21
3.33
4.34
4.72
1.21
2.18
1.64
1.51
1.18
3.2
2.96
1.14
1.12
1.2
1.0
1.0
1.0
1.0
1.0
1.0
1.0
3.41
2.87
1.84
3.97
1.01
1.11
3.69
1.31
3.87
3.87
4.17
1.08
1.09
4.74
1.18
3.19
1.01
1.16
4.2
1.01
3.55
3.87
1.71
3.9
1.64
2.52
4.19
4.01
4.45
3.16
4.84
2.76
4.4
2.48
1.51
2.35
3.06
2.96
3.89
3.39
4.91
4.97
4.99
4.33
3.95
4.12
1.16
1.93
1.01
1.8
1.01
4.7
1.08
2.8
3.91
3.16
3.73
3.18
2.57
2.99
4.2
1.0
2.87
1.81
4.06
4.01
1.02
3.89
4.05
1.0
1.04
1.97
4.09
4.68
1.02
4.08
3.31
4.91
1.0
4.97
1.64
1.01
1.01
1.01
3.99
4.39
4.57
4.77
4.99
4.1
3.88
2.88
4.07
2.0
1.04
1.15
4.85
1.1
1.32
3.55
1.64
1.03
4.11
3.74
1.02
1.16
1.22
4.31
1.03
4.06
4.15
1.16
2.87
2.87
4.57
4.14
4.14
4.57
4.73
4.54
1.04
1.75
3.9
3.59
3.59
3.27
1.01
2.26
1.17
3.06
4.94
4.94
4.6
1.56
2.3
4.92
3.02
4.97
1.0
4.72
4.95
3.67
3.67
2.96
4.64
4.36
1.83
3.4
1.01
2.68
1.48
1.01
4.77
1.15
1.09
1.02
1.04
2.65
3.49
1.79
3.66
1.25
1.91
3.62
2.03
3.13
3.09
1.02
1.14
2.1
4.94
2.77
2.06
3.94
2.72
2.43
1.78
1.02
2.81
3.07
1.41
2.16
4.14
2.21
3.06
3.93
4.02
2.01
3.01
2.04
3.46
4.71
1.97
2.17
1.03
1.02
1.09
1.09
1.08
3.81
4.38
4.38
1.4
4.79
4.99
4.99
1.57
3.33
1.43
4.76
2.84
1.39
1.75
4.44
2.51
2.88
1.24
1.57
1.4
1.75
1.56
3.11
2.84
2.17
1.01
1.01
1.3
1.31
1.31
1.31
1.01
1.03
1.03
1.36
1.01
1.01
1.01
1.01
1.37
1.13
4.41
4.26
1.07
1.98
2.77
1.27
3.89
3.89
2.56
1.36
4.25
4.25
4.74
1.21
2.15
2.63
1.76
1.89
4.89
4.03
2.84
1.05
2.37
4.69
4.12
4.28
3.61
1.35
4.49
3.33
1.05
4.98
4.96
1.29
4.57
4.95
4.26
3.18
3.76
2.75
2.62
3.11
3.94
3.52
2.76
3.16
1.36
1.31
1.91
4.17
3.79
3.8
4.15
1.64
1.26
1.04
3.95
1.01
1.01
4.11
4.02
2.27
1.05
3.83
4.12
4.12
1.24
4.76
1.03
4.06
4.72
1.04
3.11
4.12
2.55
1.61
4.24
1.77
1.02
4.57
1.07
4.66
4.48
4.48
3.11
2.71
4.0
3.99
4.62
1.05
4.12
1.89
4.5
4.09
3.63
4.08
1.08
3.22
1.12
1.13
5.0
5.0
1.0
5.0
5.0
5.0
5.0
1.0
1.0
1.0
1.0
1.0
1.0
1.0
1.0
1.0
1.0
4.84
4.84
1.37
3.22
2.96
2.28
1.1
1.18
2.84
2.84
1.03
1.01
4.96
4.96
4.48
4.99
2.02
1.16
4.01
2.99
1.0
2.99
1.01
1.34
1.0
1.39
1.38
1.22
1.8
4.43
1.04
1.08
4.13
3.68
1.02
1.02
1.8
4.38
3.08
3.57
2.68
1.59
1.58
1.94
4.69
1.37
1.34
4.85
1.17
4.9
1.97
1.15
4.92
2.8
1.78
3.2
2.63
4.72
3.37
4.04
4.22
1.03
1.85
1.42
4.41
4.98
1.08
1.03
1.51
3.36
2.11
2.24
3.86
4.17
2.75
4.72
3.88
4.78
2.13
1.08
4.08
1.1
1.84
4.35
3.81
1.82
2.18
2.06
2.0
3.34
1.7
3.66
2.56
1.02
4.09
4.03
4.1
3.39
3.39
2.69
3.84
3.75
3.82
4.9
4.7
4.06
1.09
3.97
4.96
4.96
3.66
1.02
3.06
3.06
3.83
4.01
1.02
2.36
1.51
1.01
1.01
3.78
1.26
2.93
3.78
4.04
4.56
2.97
1.02
1.99
1.32
2.02
3.2
4.05
4.72
1.16
2.33
3.93
1.02
1.01
1.89
4.95
4.1
4.1
3.06
1.16
2.27
3.09
4.41
4.81
4.96
1.19
3.33
3.22
4.81
3.14
4.31
2.93
2.9
4.0
3.19
2.78
3.69
2.86
1.93
3.26
1.73
3.73
4.55
4.55
4.6
1.75
4.42
4.99
4.68
2.93
2.82
1.04
1.35
1.01
3.15
1.01
1.12
3.84
3.01
4.37
4.22
3.38
3.71
3.76
4.26
4.93
1.01
1.1
4.17
2.2
4.98
1.01
1.28
1.97
3.93
1.06
3.85
1.04
2.95
4.37
3.88
1.66
1.04
4.95
4.32
3.17
4.06
3.82
4.41
4.99
2.11
1.99
1.0
1.0
2.31
1.0
2.01
1.15
1.0
4.99
4.99
1.0
1.01
2.49
4.99
4.99
4.99
1.01
1.01
4.68
4.8
4.21
1.13
3.54
3.54
4.0
4.68
1.05
1.07
1.04
3.99
3.16
4.09
1.02
1.9
1.02
3.05
4.39
4.15
4.15
3.86
1.79
3.38
1.89
4.7
2.01
1.64
3.12
4.1
1.9
1.04
1.02
4.16
4.16
3.25
2.7
1.39
3.23
1.03
1.02
4.28
4.95
2.15
1.02
4.74
2.73
2.86
4.15
2.95
3.66
1.01
2.74
1.17
1.62
3.34
2.97
1.98
3.9
3.27
2.25
1.01
2.61
1.01
1.36
2.07
3.78
1.13
1.07
1.17
1.04
1.14
3.07
1.05
1.01
1.01
2.13
1.45
4.25
4.02
1.55
4.97
4.22
2.72
2.64
1.0
1.24
1.01
1.04
2.76
1.16
1.16
1.06
2.57
4.03
3.97
3.66
3.66
3.66
4.98
3.29
3.29
1.0
1.27
1.0
1.05
1.0
1.07
3.25
2.0
1.03
1.04
1.05
3.25
2.57
3.11
1.75
4.93
4.22
1.03
1.02
1.0
1.0
1.0
1.0
2.03
1.03
4.46
3.26
3.63
3.63
4.35
4.35
1.25
2.52
1.01
1.27
1.94
1.7
2.97
1.16
3.45
3.46
3.46
1.02
4.99
1.96
1.86
4.53
1.21
3.75
3.75
4.99
1.01
1.48
1.01
2.6
2.6
2.05
4.68
3.51
4.8
3.45
1.01
1.3
3.03
4.76
1.48
1.74
4.0
3.98
4.74
4.16
2.7
4.99
4.38
4.62
4.98
3.12
3.12
3.87
4.98
4.99
4.99
3.36
4.99
1.03
1.07
1.0
2.93
1.83
1.0
1.93
3.36
3.5
4.99
3.38
3.32
4.99
4.97
2.96
4.87
4.1
5.0
4.99
3.82
3.82
3.82
3.98
3.98
3.98
3.98
2.9
1.72
2.77
4.15
1.12
1.7
3.26
1.5
1.01
2.52
1.4
1.01
1.0
1.29
3.04
1.01
4.81
4.81
1.06
4.96
4.17
4.05
4.39
3.76
4.25
4.69
1.02
1.59
1.17
1.02
1.02
1.13
1.51
4.63
4.41
4.06
1.37
4.7
1.09
1.18
4.15
2.18
1.01
2.79
4.93
3.61
2.2
1.01
4.99
1.02
1.02
1.02
1.02
4.85
3.97
1.54
4.06
2.6
1.03
3.41
1.02
3.2
2.18
4.95
1.01
1.01
1.02
1.01
1.05
4.1
1.74
1.01
1.02
2.61
3.21
3.46
3.46
3.87
1.43
3.62
1.89
1.91
1.12
4.93
3.02
1.03
1.05
1.07
1.87
1.08
4.49
2.87
2.52
2.99
1.24
2.94
2.06
4.57
4.71
4.27
3.97
3.97
3.36
1.01
2.65
1.01
4.3
1.02
1.01
4.16
2.16
1.02
2.48
2.48
1.04
1.14
1.11
1.5
2.76
1.07
1.21
1.23
1.54
3.02
1.26
4.92
1.16
1.13
1.59
2.26
3.35
2.76
2.76
4.01
1.65
1.08
1.01
1.01
1.01
1.01
3.27
1.05
1.07
1.88
1.9
1.32
1.02
2.19
1.34
2.93
4.23
1.04
1.01
1.78
3.99
1.02
1.01
4.98
1.71
1.15
1.24
1.0
1.01
2.86
4.43
3.29
1.18
3.19
1.0
3.9
2.25
1.1
1.0
1.01
1.0
1.07
1.01
1.11
1.01
1.0
1.0
1.0
3.61
4.04
2.06
4.81
4.94
2.7
3.06
2.52
2.52
1.4
2.82
2.21
1.04
4.68
1.67
2.66
4.47
1.02
1.07
1.05
1.03
4.51
4.51
2.78
1.13
1.25
4.57
4.57
4.04
1.01
1.01
1.01
1.01
1.01
1.01
1.01
4.93
4.83
4.42
4.8
4.34
3.88
3.88
4.79
4.22
3.33
3.33
1.35
1.9
4.24
1.5
1.79
1.39
4.97
4.96
2.57
1.42
1.08
1.8
3.4
4.97
4.22
4.98
3.6
3.04
1.01
4.06
1.31
4.99
1.01
1.01
4.99
2.11
1.01
4.22
4.92
4.25
3.76
1.47
1.68
1.58
4.74
1.16
4.33
1.01
1.65
1.03
2.1
4.95
1.07
1.5
4.49
4.24
2.21
4.4
3.29
4.53
4.88
2.55
4.95
4.94
1.03
1.04
4.34
3.01
3.01
1.95
4.99
2.95
2.9
1.01
1.03
1.02
1.02
1.0
2.17
3.09
1.2
2.03
1.15
3.02
2.9
4.91
3.74
4.36
2.68
4.75
4.06
4.97
1.45
1.06
1.88
4.87
2.38
4.73
4.96
3.86
4.41
1.77
2.87
1.48
3.02
2.51
2.43
1.02
1.05
3.19
1.39
1.73
1.01
2.92
1.86
4.98
4.36
4.38
1.05
3.73
2.9
4.82
1.1
3.58
3.39
3.39
3.85
1.01
3.57
3.57
3.41
4.04
3.01
1.9
3.42
2.42
1.02
4.23
1.05
2.25
3.76
4.97
2.04
4.33
4.99
4.9
1.84
2.7
4.12
1.0
1.02
1.05
1.0
1.13
1.0
1.0
1.0
1.0
1.0
1.0
1.0
1.0
1.0
1.0
1.0
1.0
1.0
1.0
1.0
1.0
1.0
1.0
1.0
1.0
1.0
1.0
1.0
1.0
4.99
4.99
4.99
4.47
1.08
1.03
1.02
4.31
4.31
1.56
1.02
1.01
1.24
2.77
2.69
3.25
3.27
4.18
4.65
2.91
3.64
4.15
1.35
4.55
1.95
3.45
3.37
3.12
1.1
2.67
2.95
4.17
1.59
1.62
4.32
1.6
1.05
1.22
3.45
2.17
4.81
1.67
2.73
2.05
4.31
3.14
3.66
1.02
2.6
1.39
4.78
3.43
3.75
3.69
4.08
3.15
1.38
1.68
3.07
3.92
3.5
3.87
3.68
3.08
3.09
3.09
2.83
1.11
1.52
1.01
2.65
3.19
4.19
1.27
3.38
4.17
1.01
1.14
2.35
4.56
4.12
3.48
4.06
4.98
3.17
4.76
4.46
4.8
1.0
4.98
2.72
2.72
1.01
1.01
1.03
3.9
4.62
4.62
4.62
1.0
4.59
4.59
1.01
1.01
4.5
3.97
1.08
3.73
3.83
1.05
2.0
3.19
1.36
2.84
2.01
4.3
3.35
4.03
1.02
4.06
1.19
1.94
2.32
1.48
2.63
4.06
3.7
3.96
4.97
3.01
1.13
2.96
1.06
1.49
3.38
4.86
1.54
2.09
1.02
4.06
1.08
1.09
3.97
4.19
3.78
4.9
4.04
1.31
4.88
4.88
3.97
3.5
2.87
2.8
4.25
4.55
4.55
2.93
1.05
1.01
1.78
1.68
1.6
2.12
2.74
1.11
2.87
1.01
3.55
1.81
1.7
3.02
2.37
4.17
1.26
1.49
1.18
4.21
1.05
2.25
4.52
3.49
1.11
1.58
2.91
4.55
1.03
3.1
3.1
3.75
2.31
1.83
1.07
4.42
4.11
1.87
3.82
2.69
4.25
1.81
2.97
1.4
4.61
3.75
4.84
4.64
2.67
4.3
2.9
1.46
3.93
2.09
1.0
3.29
4.79
1.11
4.5
4.94
1.05
1.31
4.99
4.88
4.13
3.54
1.41
1.83
4.58
4.99
4.01
4.08
2.23
3.32
1.97
4.89
3.37
3.45
3.61
3.71
1.45
1.03
2.99
1.25
1.0
1.01
2.09
1.0
4.92
4.96
4.35
4.6
1.09
1.04
1.47
1.06
1.08
1.11
1.1
4.64
4.12
4.43
2.9
4.06
1.45
4.11
1.07
1.02
4.75
1.02
3.04
3.67
1.03
1.03
1.21
1.81
4.0
3.03
1.56
2.05
4.81
1.24
4.13
4.22
4.21
3.77
1.23
3.07
4.45
4.11
3.03
1.06
1.13
2.62
1.09
3.86
1.27
1.09
4.8
4.76
1.44
3.18
1.13
1.31
1.31
4.97
3.79
4.12
3.18
4.07
3.13
3.75
3.71
4.99
4.01
1.86
3.38
1.6
2.95
1.02
1.0
1.16
1.11
1.01
1.03
1.65
1.01
1.38
1.15
1.23
1.01
1.01
1.01
4.59
1.01
3.45
3.96
1.0
1.0
1.01
1.14
4.16
1.55
2.31
4.88
2.39
3.4
3.95
4.95
4.32
4.32
4.95
4.74
1.09
4.18
4.63
3.98
3.45
1.32
3.15
1.97
1.44
2.17
3.32
1.06
4.29
4.61
1.22
1.03
3.89
3.0
1.03
4.26
4.91
1.15
1.1
1.67
1.29
3.23
1.01
2.7
1.01
1.1
2.78
4.31
1.01
1.01
4.33
4.33
1.01
3.01
1.77
3.54
3.3
3.3
3.3
4.15
3.76
1.0
3.86
3.84
1.33
1.0
3.0
1.0
2.45
1.1
1.31
2.56
1.02
2.63
1.0
4.38
4.33
4.78
4.47
4.85
1.02
1.01
4.0
1.01
3.78
1.01
3.34
3.34
3.27
1.8
4.54
3.4
4.02
3.81
1.84
3.25
1.21
1.04
3.66
4.99
2.32
4.23
3.86
1.02
3.55
1.01
2.18
1.01
4.99
1.54
1.01
3.01
4.19
4.54
4.97
4.86
4.86
4.61
4.53
4.07
3.82
1.03
1.27
3.96
1.06
4.89
1.01
3.17
1.04
1.84
4.07
4.47
4.65
1.1
3.36
2.4
2.43
3.54
4.03
1.79
3.57
2.86
1.02
2.11
3.67
1.17
3.47
2.65
1.17
3.75
4.71
3.46
1.45
1.01
4.31
1.15
1.78
3.69
3.3
4.4
4.39
4.99
4.11
3.6
4.78
3.7
2.63
3.63
4.35
4.66
1.01
1.01
4.98
4.72
1.06
1.01
3.07
1.0
1.35
1.77
2.99
2.68
2.68
3.81
2.61
3.86
4.35
1.12
3.59
1.74
1.95
2.87
1.65
2.87
1.04
1.01
4.1
4.0
1.01
3.23
2.0
3.59
1.85
1.89
4.08
3.28
3.35
3.35
3.1
1.02
1.32
2.93
4.65
3.76
3.02
2.28
4.3
2.59
3.91
1.03
1.3
1.22
4.99
2.51
4.75
1.03
1.34
1.27
4.84
3.65
2.01
2.01
3.87
3.57
5.0
3.72
1.67
3.67
2.22
3.74
3.29
3.29
3.29
3.84
3.37
2.52
2.42
2.42
2.9
2.9
2.29
4.85
2.56
4.85
4.52
3.86
3.49
3.49
3.49
3.55
4.77
4.56
4.41
3.6
2.01
1.1
3.1
3.3
4.67
2.12
2.18
1.02
3.25
2.07
1.0
2.84
4.17
1.01
1.11
1.14
4.89
3.97
1.42
1.0
1.24
3.99
4.63
3.86
4.02
2.4
2.41
1.09
4.91
2.52
4.63
2.87
1.56
3.33
1.02
1.25
3.74
1.93
4.21
2.71
1.86
4.14
1.94
4.01
2.75
4.93
3.24
1.68
4.05
3.43
1.7
4.59
4.81
5.0
3.67
5.0
5.0
4.33
2.38
1.64
1.67
4.16
1.0
1.06
1.67
1.0
4.31
4.82
4.96
4.4
4.99
3.22
4.44
3.63
1.28
4.45
4.98
4.36
2.38
2.13
1.26
1.8
2.55
4.02
1.06
2.8
1.72
2.87
1.07
3.08
3.73
1.92
4.9
4.9
1.71
1.13
3.76
1.11
4.87
1.58
1.49
1.79
2.93
3.73
4.87
4.99
3.98
3.16
3.16
1.24
1.01
1.65
1.0
1.0
1.0
1.0
1.0
1.0
1.46
4.97
1.03
1.03
3.22
1.29
3.33
4.63
2.48
3.46
4.77
2.55
4.39
1.28
1.13
1.05
4.97
1.28
1.28
2.28
1.89
1.05
4.27
1.02
2.02
4.63
1.05
2.08
1.77
3.72
3.89
4.53
3.07
4.17
4.02
3.76
2.94
2.94
1.17
1.01
1.0
1.0
1.0
1.01
1.01
1.01
4.16
3.95
3.95
3.08
4.28
4.42
3.77
4.74
3.85
3.58
2.83
3.26
3.78
2.93
3.64
1.73
3.83
2.23
2.78
3.19
1.97
1.02
3.84
3.84
2.21
1.09
1.02
1.0
1.0
1.0
1.0
1.01
1.0
4.97
3.88
3.88
5.0
4.97
4.97
4.97
1.0
1.0
1.0
1.0
1.0
1.0
3.38
1.0
1.0
1.5
3.44
1.0
1.0
1.68
1.0
2.71
1.01
1.32
4.2
2.16
2.99
1.51
4.61
3.22
1.71
1.58
1.03
4.77
4.38
1.63
1.01
1.05
4.27
4.6
3.01
1.01
4.14
1.04
1.04
1.01
4.65
4.89
4.19
4.07
1.02
1.01
4.46
4.78
1.13
1.03
4.91
4.35
4.69
1.99
3.95
4.41
1.29
4.94
4.81
1.03
4.55
4.93
1.22
3.59
4.75
1.02
1.44
4.79
4.79
4.96
4.96
4.97
1.04
1.02
4.53
4.9
1.97
2.11
3.93
3.22
4.76
3.32
4.78
1.44
3.85
3.85
4.61
3.87
4.06
1.19
1.25
1.55
4.82
4.85
1.08
1.06
3.12
4.91
4.99
4.98
4.96
4.98
1.2
1.0
1.0
1.0
1.0
1.28
1.0
4.99
4.99
1.67
1.01
1.01
1.8
3.34
2.63
2.32
2.65
1.01
1.01
1.75
2.89
3.2
1.24
3.0
1.56
2.92
3.94
4.93
4.93
3.95
4.85
4.59
1.52
1.26
4.33
3.92
2.91
1.0
1.0
1.8
1.0
1.0
1.0
1.0
1.0
1.0
1.0
1.0
1.0
3.2
3.58
3.66
3.24
1.15
3.21
1.0
4.23
1.0
3.42
2.18
2.63
1.0
4.8
2.52
3.55
4.72
1.05
1.26
3.65
1.25
3.73
3.86
3.97
4.67
2.76
4.52
4.65
3.12
3.8
3.27
3.23
2.75
1.8
4.23
1.75
2.1
1.04
1.96
2.12
1.07
1.02
1.02
1.89
2.72
3.49
4.95
4.41
2.65
4.4
1.27
1.71
3.26
2.32
3.79
4.99
2.73
2.73
2.73
3.7
4.99
3.55
4.99
1.1
3.08
1.01
1.01
1.01
4.34
1.01
3.67
1.06
4.45
4.62
3.29
3.29
3.03
3.03
2.95
4.88
3.95
3.24
1.01
2.84
1.57
1.18
2.09
3.97
4.81
4.03
4.5
4.82
2.49
2.18
2.09
2.19
2.95
1.07
1.01
1.11
4.88
2.24
3.41
3.52
2.75
4.74
3.5
4.7
3.91
2.04
3.51
3.7
3.66
3.41
2.87
3.68
3.68
2.53
3.39
4.15
2.88
3.8
3.93
2.66
4.15
1.91
1.0
3.96
1.67
1.24
3.2
3.15
4.07
3.8
3.8
1.04
1.02
3.88
1.45
4.78
4.96
4.88
4.73
2.62
1.73
4.17
4.94
4.29
3.67
2.13
1.81
3.87
4.07
4.92
2.0
4.34
4.33
1.01
1.01
1.01
1.01
1.01
1.01
3.09
3.79
1.07
4.63
4.09
4.84
4.06
4.01
1.61
1.12
3.88
1.56
1.01
2.18
2.39
3.89
1.01
1.01
2.33
1.01
1.67
2.33
1.01
1.01
4.13
4.35
3.14
1.06
3.22
4.68
4.68
4.27
3.94
4.2
2.92
3.38
2.5
4.34
2.04
3.04
3.21
4.85
2.9
1.28
1.28
1.97
3.35
3.15
4.64
3.93
1.99
3.99
2.01
1.28
4.41
3.67
4.1
2.57
3.34
4.71
3.0
2.22
3.5
2.51
3.21
3.3
2.23
4.57
3.58
4.64
4.14
4.14
2.94
4.56
1.76
3.39
1.04
1.07
4.22
1.08
3.62
4.88
2.29
2.59
1.02
2.76
1.03
2.81
3.41
3.72
1.26
1.37
1.16
4.19
4.19
4.17
1.71
4.69
3.81
3.4
2.41
3.17
3.17
2.71
4.99
4.23
3.37
3.37
2.34
4.98
4.98
2.58
2.58
4.98
2.68
3.9
4.45
4.99
2.57
1.18
1.19
1.0
1.36
1.63
1.14
1.12
2.11
1.0
1.0
2.41
3.81
1.32
1.26
3.02
1.17
1.07
3.95
3.59
4.03
4.19
3.32
3.04
3.43
3.49
1.11
1.02
1.1
1.01
3.37
3.96
4.22
3.32
4.57
1.45
1.08
1.02
3.92
4.78
1.55
4.27
4.08
4.95
4.47
3.95
3.23
4.91
2.11
3.82
2.84
2.72
4.58
1.42
1.39
3.08
2.72
1.74
1.37
1.37
3.41
3.79
1.01
1.32
1.49
1.58
1.0
1.97
3.62
1.95
3.08
4.07
4.07
4.31
4.13
4.13
3.48
4.79
4.69
4.56
4.17
4.17
1.03
3.05
3.05
4.12
4.11
3.17
3.93
2.3
1.01
4.16
1.09
4.44
2.66
4.82
2.81
3.36
4.21
1.18
2.58
2.36
1.69
1.47
2.39
2.57
3.76
2.89
1.24
4.36
4.36
1.37
1.96
1.43
1.71
1.01
1.93
1.04
1.02
4.28
2.21
1.75
3.56
1.02
1.02
1.02
3.95
4.01
3.75
1.87
1.08
4.33
4.33
4.59
4.33
4.99
3.66
1.0
1.79
1.0
1.1
1.68
1.67
3.66
2.33
1.67
1.01
3.66
3.66
3.66
3.66
4.33
4.33
1.74
1.74
1.74
1.56
1.0
1.0
1.0
1.0
1.0
1.02
1.0
3.95
3.95
4.16
1.94
3.07
1.89
1.45
2.9
2.22
1.53
4.39
2.76
1.02
4.99
1.01
4.99
1.03
3.07
3.73
1.05
1.04
1.74
3.93
1.66
3.13
4.95
4.1
1.01
3.08
1.01
4.93
4.74
4.98
1.01
1.5
1.02
1.4
1.03
1.07
2.13
1.03
3.05
3.76
2.88
1.05
2.16
4.91
4.11
4.99
4.02
4.67
3.1
3.91
4.97
2.62
4.07
4.07
3.06
2.39
4.98
4.25
4.63
4.92
4.37
4.96
2.27
3.3
3.65
3.98
3.93
3.96
1.22
2.95
4.34
4.41
4.56
3.64
3.62
2.37
2.01
4.08
4.94
2.42
1.8
2.73
4.38
4.8
4.74
3.09
3.24
4.35
1.57
1.31
1.13
1.74
1.01
3.68
3.84
1.01
1.02
1.01
3.14
4.7
4.05
3.23
2.9
3.55
4.63
2.11
3.88
1.06
1.08
4.22
2.92
4.12
1.08
3.55
4.97
4.93
3.05
3.59
3.8
4.09
4.55
1.34
2.68
2.46
4.64
4.07
1.54
1.34
1.06
2.83
2.14
3.55
3.55
1.56
2.23
1.15
1.0
1.0
1.52
1.81
1.0
1.0
1.15
1.01
4.91
4.95
2.73
4.02
2.02
4.57
4.92
1.02
2.84
3.1
1.18
2.93
1.99
3.24
2.88
4.93
3.72
4.07
4.94
4.39
4.55
2.85
4.6
1.89
4.97
4.25
4.09
3.79
1.42
1.98
1.0
3.83
1.86
1.82
2.2
4.01
1.05
1.05
1.03
1.11
3.84
1.91
2.75
2.8
1.15
3.99
1.58
1.85
2.49
1.58
4.94
4.45
3.18
3.43
3.76
4.13
4.59
1.65
3.0
4.81
1.82
1.36
2.65
1.02
1.02
4.96
4.99
4.99
4.96
3.17
4.25
4.19
4.95
4.99
3.8
3.8
3.8
4.53
1.29
1.0
1.43
1.0
1.01
3.59
1.87
1.01
1.01
1.01
2.96
3.04
1.94
1.8
2.54
1.29
1.01
4.7
2.91
1.02
4.33
3.22
3.87
4.95
4.57
2.92
3.78
4.69
1.0
2.2
2.61
1.0
1.0
1.59
1.01
2.05
1.0
2.71