5.0
1.77
2.09
1.11
2.46
1.01
1.01
4.89
1.01
2.11
1.02
3.15
4.74
4.11
4.48
1.01
1.69
3.03
1.01
4.46
1.01
1.28
4.29
1.25
4.23
3.79
3.79
1.0
2.18
3.05
4.03
2.58
2.58
4.56
1.02
2.77
1.64
4.15
1.05
1.03
1.0
1.0
1.0
1.0
1.0
1.03
4.05
4.32
3.32
1.2
3.59
4.85
3.13
3.91
4.79
4.42
3.65
4.81
3.57
4.42
3.64
4.8
4.24
3.23
3.53
4.3
3.24
3.97
3.7
5.0
4.4
2.88
2.88
1.01
3.79
1.66
4.35
3.89
1.06
3.63
1.59
1.01
1.22
5.0
2.76
1.0
1.42
1.0
1.3
3.19
4.64
2.91
1.1
2.11
1.22
2.48
3.91
1.01
4.97
4.96
4.96
2.84
4.98
1.86
3.68
4.14
1.57
5.0
5.0
5.0
5.0
1.05
4.99
1.25
1.01
4.02
3.49
2.12
1.55
4.67
4.75
3.02
2.94
4.98
4.75
3.88
4.17
4.67
2.96
3.0
3.13
3.7
3.7
4.69
1.08
3.78
4.85
2.88
1.4
1.01
4.11
2.98
1.01
2.14
3.93
3.47
3.05
3.18
1.04
1.09
1.22
1.17
1.08
3.66
3.45
3.9
3.36
3.36
3.6
2.32
4.22
1.01
4.78
1.46
4.02
2.28
2.63
1.98
1.11
1.59
1.73
1.01
1.01
1.01
1.01
1.01
1.01
1.01
4.68
1.11
1.15
1.05
3.48
1.24
2.59
2.98
1.01
1.51
4.53
1.4
3.68
1.91
3.74
4.82
3.09
3.77
3.75
3.11
3.78
3.49
4.76
3.72
4.91
4.03
2.87
4.37
4.37
3.74
3.74
1.0
4.93
1.0
1.1
1.0
1.0
2.51
4.32
1.34
1.0
1.0
1.0
1.06
1.0
4.72
4.98
1.01
1.94
4.14
4.1
2.83
4.11
1.14
1.25
3.16
3.16
2.59
3.5
3.5
1.06
3.0
2.53
1.47
3.6
1.61
2.98
3.84
2.35
1.09
1.65
1.02
4.21
4.71
2.87
3.03
3.45
4.18
4.86
3.91
1.04
1.02
2.02
2.02
1.1
2.07
1.13
2.21
1.1
4.98
4.98
4.33
1.01
1.01
3.57
4.0
4.97
1.05
1.02
1.2
4.59
2.13
4.67
4.09
4.99
4.99
4.56
4.22
4.99
1.0
5.0
1.43
4.39
1.67
1.0
1.0
2.69
1.0
1.0
1.0
1.0
1.0
1.0
1.0
3.62
1.77
1.67
1.0
1.05
5.0
3.34
1.41
3.15
1.14
1.05
1.03
4.32
1.41
1.0
2.3
1.13
3.72
1.12
3.47
2.29
3.13
3.29
3.84
3.84
4.15
4.13
4.06
1.26
3.92
3.3
3.68
1.01
1.01
1.0
1.0
1.0
1.01
1.05
3.49
4.32
1.01
2.01
1.03
3.88
1.3
1.5
4.88
1.55
1.12
3.12
3.12
1.82
2.01
4.86
2.03
3.55
3.76
1.14
2.83
2.9
2.4
3.34
4.87
3.57
4.74
1.02
1.7
2.74
4.92
4.88
3.9
1.78
2.23
1.09
1.41
3.05
4.54
3.2
4.77
4.08
3.11
2.27
3.86
1.33
3.1
4.48
4.35
2.12
2.95
2.43
2.02
2.99
1.0
2.96
2.05
2.89
1.6
2.49
2.89
1.0
4.11
4.84
2.83
2.83
3.04
3.43
3.91
1.56
3.38
4.97
4.56
4.94
4.45
1.42
4.97
4.03
4.99
3.53
1.01
1.04
3.85
3.85
2.15
1.01
1.0
1.0
1.0
1.0
4.03
4.03
4.03
2.34
1.02
1.03
1.02
1.02
3.24
3.96
3.32
1.12
3.97
1.11
1.26
2.33
4.44
1.36
4.76
4.0
4.08
3.88
1.32
3.4
2.48
1.01
1.46
1.06
1.33
1.01
1.33
1.01
3.49
1.01
1.02
3.94
2.18
2.18
4.34
3.0
1.97
1.26
3.0
4.33
1.0
1.0
1.0
1.0
1.0
1.0
1.0
1.0
4.26
4.99
4.21
4.21
4.9
4.34
1.0
4.99
1.39
1.0
1.29
1.0
4.98
3.2
1.02
3.72
1.01
1.03
4.35
4.97
3.92
4.98
1.03
4.19
1.01
1.33
1.54
4.95
4.88
2.26
3.63
1.01
1.07
1.19
1.01
4.96
1.02
4.34
1.01
1.07
1.01
3.97
4.21
2.53
1.04
1.01
4.33
1.0
1.0
1.0
3.57
1.1
1.57
1.41
1.14
1.01
1.01
4.48
4.02
1.17
2.65
1.0
1.0
1.07
4.54
3.12
3.93
1.14
2.81
2.79
4.85
4.66
1.06
1.71
1.71
1.49
4.41
4.29
4.26
3.09
4.12
1.13
3.55
1.16
1.33
4.97
1.38
2.79
4.71
1.28
2.66
1.03
1.18
1.73
3.12
3.6
2.93
3.06
1.01
3.57
1.12
2.99
4.37
4.99
1.01
4.45
4.99
1.03
1.09
1.74
2.92
1.01
1.65
2.3
1.0
1.02
4.59
1.0
3.99
1.72
1.0
4.52
1.0
2.91
1.54
1.41
2.18
1.12
2.38
1.02
2.16
2.86
1.12
1.36
1.85
2.97
3.33
3.46
1.02
1.03
1.02
1.07
1.08
2.87
3.82
1.07
2.79
4.97
4.99
3.24
1.19
1.23
4.59
1.0
1.62
2.2
1.18
1.98
1.98
2.01
1.98
1.57
1.92
1.22
1.93
2.08
1.29
2.97
1.82
1.69
3.75
1.05
1.98
1.01
3.38
4.68
1.05
1.24
1.18
2.3
1.66
1.66
4.33
5.0
5.0
3.24
4.33
4.33
4.33
3.01
1.01
1.01
3.89
1.01
1.06
1.01
4.25
4.99
3.25
2.45
1.91
2.83
2.09
2.21
3.15
2.91
1.17
4.77
4.15
3.77
4.67
1.02
1.01
2.85
4.87
4.35
4.01
1.01
2.37
4.98
1.01
1.01
1.02
4.98
2.3
3.52
1.56
4.97
1.01
1.02
4.35
1.77
1.58
2.14
1.09
4.82
2.07
3.07
1.4
1.2
4.44
4.39
4.8
4.78
2.68
1.4
1.68
1.94
1.21
3.18
1.07
1.0
1.0
1.0
1.0
1.0
1.0
1.0
2.32
3.43
1.03
2.84
4.26
1.06
1.15
4.13
4.14
4.59
3.88
3.88
1.36
1.02
1.58
3.0
1.03
1.09
2.18
4.95
4.97
3.91
1.02
2.21
4.7
1.28
1.46
4.53
1.25
3.95
1.49
3.65
1.01
1.77
4.99
4.99
4.98
4.99
4.98
2.31
1.52
1.08
4.18
3.69
3.85
4.78
4.78
2.4
3.48
2.5
1.16
4.74
4.94
4.94
4.26
2.2
1.05
1.05
1.12
1.09
4.65
1.82
1.22
1.83
1.03
1.02
2.02
1.01
1.01
3.9
4.98
4.32
3.79
4.62
3.21
3.26
3.26
4.65
4.65
4.95
3.12
2.6
1.22
1.23
2.88
1.27
1.04
1.04
2.25
1.04
1.09
1.02
4.36
4.49
3.51
3.55
4.58
4.88
4.29
4.94
1.0
4.44
3.91
1.01
2.96
1.01
2.16
1.01
1.0
2.78
4.71
2.63
2.31
1.02
1.01
1.04
3.99
2.79
1.01
1.01
4.69
4.31
4.33
1.36
3.46
3.08
3.08
1.0
1.28
1.28
3.03
4.63
4.63
4.41
1.04
1.0
1.01
1.01
1.0
1.09
2.78
2.78
1.08
1.47
1.09
2.68
1.1
1.08
3.42
1.05
1.05
1.03
3.66
1.06
1.11
2.22
2.09
2.23
1.42
4.85
1.44
3.67
2.74
2.64
3.42
3.65
4.42
4.09
4.99
4.99
4.46
4.83
4.66
2.36
3.46
3.46
3.93
4.22
2.81
1.88
3.17
1.32
5.0
1.67
2.09
4.32
1.04
3.03
3.42
1.33
1.0
2.9
1.21
3.46
4.73
2.38
2.79
2.95
3.57
5.0
4.3
1.0
1.31
1.93
1.02
1.75
1.9
1.09
1.69
4.97
4.97
1.09
1.17
2.34
2.34
1.38
4.9
3.15
4.77
4.77
4.99
1.0
1.0
2.02
2.02
1.0
1.01
1.01
1.0
3.0
4.22
4.95
4.15
4.09
2.04
4.22
4.22
3.56
1.0
1.0
1.0
1.0
1.0
1.0
1.0
1.0
1.0
1.0
1.0
1.0
1.0
1.0
4.15
4.28
3.08
3.04
1.05
4.92
3.72
4.47
1.17
1.12
1.1
2.3
3.04
3.86
3.11
4.79
4.63
5.0
4.72
3.96
3.76
3.24
4.72
3.46
1.67
4.4
4.52
3.27
5.0
3.9
5.0
2.03
4.0
1.03
4.91
5.0
5.0
3.5
3.5
4.25
4.13
4.13
5.0
1.09
3.71
2.79
1.0
1.53
1.02
1.0
1.44
3.48
4.93
3.27
1.48
4.0
1.14
4.48
3.71
2.17
2.06
1.68
1.01
2.91
4.92
1.14
2.88
2.07
1.01
2.18
2.76
2.32
1.19
2.27
1.15
1.21
1.7
2.47
4.71
5.0
3.58
1.67
2.83
2.73
3.21
4.99
4.84
3.63
3.0
3.47
2.89
1.01
3.12
2.56
2.13
1.92
1.12
1.87
2.84
1.13
1.01
1.33
2.9
2.79
1.15
1.79
1.01
2.53
2.53
2.93
2.01
1.81
1.67
1.01
4.86
3.86
1.84
4.1
3.84
3.84
1.12
4.01
3.14
1.0
1.0
1.0
1.0
4.13
1.16
4.27
2.91
4.54
3.45
3.07
3.04
2.13
2.99
1.2
3.34
4.99
4.98
1.89
2.74
2.81
4.99
3.51
4.54
1.9
1.03
3.99
3.94
1.33
3.45
1.24
2.04
3.84
1.4
2.21
1.38
2.4
4.95
2.2
1.41
1.63
2.32
1.02
3.03
1.11
1.51
1.01
2.83
1.18
1.78
1.86
2.99
3.72
1.06
1.89
4.7
4.48
2.02
3.57
1.13
1.01
2.01
3.76
4.46
2.99
4.58
4.57
1.33
4.9
4.77
1.83
3.51
2.26
3.1
4.96
3.46
4.8
3.65
4.11
4.72
4.19
4.19
3.8
4.0
2.44
1.01
1.36
4.21
1.13
4.78
2.41
1.16
2.09
2.11
4.99
1.3
1.01
4.69
4.18
4.94
4.34
1.03
1.86
3.76
4.1
3.28
2.45
2.13
2.73
3.45
2.19
4.98
4.07
4.07
4.09
1.62
1.61
4.73
4.13
4.3
4.98
2.02
3.62
4.71
4.82
3.0
3.0
4.32
1.75
2.09
4.67
4.37
4.69
1.05
3.68
4.23
4.63
3.1
3.3
1.53
4.81
4.24
2.08
3.8
4.61
4.1
3.64
1.08
1.06
2.52
1.22
1.02
3.44
4.87
2.22
3.16
1.26
2.07
4.2
3.82
3.82
3.17
4.01
1.11
2.66
1.01
4.68
3.09
4.33
1.04
1.79
1.02
1.06
4.82
4.25
3.57
4.14
1.04
4.95
4.01
4.01
1.36
1.01
1.04
2.33
1.01
4.98
3.82
2.21
1.01
3.21
4.04
4.96
4.66
2.5
4.17
4.64
3.06
4.06
4.6
3.99
2.67
4.25
4.06
3.54
3.64
1.0
1.1
1.24
4.69
1.36
1.91
1.3
1.5
2.4
1.0
1.31
1.06
1.01
3.4
3.84
2.13
1.24
1.16
1.99
4.8
3.79
3.6
3.06
4.33
1.01
3.94
2.89
1.07
1.07
1.37
4.52
3.2
4.66
4.66
4.2
1.81
2.55
4.37
2.32
4.89
4.84
1.05
1.06
1.04
3.22
3.07
4.35
4.79
4.89
3.46
1.01
1.01
4.83
4.74
4.61
2.96
2.18
2.17
2.17
3.84
1.46
1.75
1.54
1.58
1.35
2.59
3.15
2.94
3.82
2.63
4.29
2.58
4.95
1.04
1.94
1.97
4.93
1.14
4.81
1.47
4.69
3.73
4.06
4.32
4.32
4.98
1.01
1.01
3.61
3.61
1.01
1.01
1.01
1.09
4.76
4.51
3.82
1.06
1.07
1.02
4.08
1.01
2.54
1.05
1.81
1.91
3.37
3.84
3.33
1.91
1.15
4.45
2.25
2.25
2.61
2.94
3.45
5.0
4.99
4.86
1.0
1.02
3.15
4.73
4.73
1.03
4.98
1.02
2.83
1.01
2.49
1.77
2.95
4.07
4.47
1.29
2.61
4.35
2.73
2.0
4.19
1.68
2.0
3.79
4.75
4.1
3.72
1.42
2.25
2.92
3.16
2.09
1.05
5.0
5.0
5.0
5.0
4.54
5.0
2.48
2.35
3.02
5.0
1.99
3.29
1.65
1.0
2.62
5.0
4.42
3.0
1.14
1.01
1.28
2.15
1.02
4.48
1.1
1.08
1.01
1.01
1.01
1.01
1.01
1.01
1.01
1.01
3.84
1.45
2.77
4.14
3.96
4.43
4.19
3.9
2.89
4.67
3.53
1.01
3.29
2.2
1.9
3.14
1.04
4.37
3.9
3.03
3.06
1.1
4.94
4.93
3.14
2.32
2.32
2.96
1.02
1.09
1.35
4.66
3.3
4.79
4.08
1.06
4.94
1.26
4.24
1.15
2.81
3.35
3.88
1.01
4.07
1.35
2.4
2.19
2.19
4.91
3.02
3.11
4.99
4.43
5.0
3.48
4.69
2.97
2.26
5.0
2.72
3.86
1.0
2.02
3.4
1.34
1.0
1.21
1.05
3.66
5.0
3.58
1.88
1.0
2.62
1.0
1.13
3.63
1.5
4.93
1.71
4.05
2.81
1.06
4.21
4.67
3.3
3.56
1.85
4.51
4.63
4.79
3.44
3.44
3.92
4.67
2.89
3.59
3.59
4.1
4.1
4.1
4.05
4.05
3.05
3.36
4.35
3.72
3.85
4.83
1.95
1.14
1.04
1.91
1.11
2.78
1.01
2.17
1.63
4.59
3.0
2.44
2.44
1.02
1.02
1.02
1.02
1.02
1.43
1.89
1.02
4.2
4.7
3.42
4.35
2.11
1.46
1.22
1.1
3.75
4.14
3.28
4.25
1.3
2.01
1.15
3.92
3.73
1.04
4.06
4.89
4.97
2.48
2.88
1.03
4.97
1.09
4.68
1.21
2.68
4.27
4.18
4.91
1.31
2.97
2.97
4.15
1.16
3.98
4.16
1.38
3.96
1.91
3.27
1.62
2.05
2.3
3.81
4.93
3.59
2.54
2.74
2.74
2.48
2.9
1.03
1.02
4.95
4.56
1.4
1.98
1.39
4.21
3.59
4.19
2.32
3.57
4.13
4.74
3.37
4.3
4.38
4.71
3.98
4.7
4.88
4.77
1.31
2.88
3.16
3.85
4.94
2.22
4.94
1.23
1.12
3.72
4.66
4.11
3.43
3.6
3.67
4.29
3.49
4.44
4.59
4.08
3.79
1.59
3.21
4.26
4.4
4.4
2.34
1.02
2.98
4.04
1.02
2.79
1.02
3.01
1.03
1.69
1.04
1.04
3.71
3.42
4.71
2.77
2.74
3.53
4.24
1.02
2.11
1.44
1.89
1.02
1.15
1.15
1.06
3.42
3.72
1.24
4.25
4.56
4.28
2.27
3.78
4.85
4.07
3.83
3.11
3.81
3.1
2.33
4.93
3.43
1.65
3.04
2.86
3.6
3.6
2.73
2.73
3.8
3.36
3.36
4.67
4.25
3.64
1.0
1.0
1.79
1.84
1.6
2.09
1.01
1.03
3.49
4.97
1.0
2.6
2.01
1.0
1.01
4.99
4.99
4.93
4.98
1.47
3.2
2.97
4.25
2.4
2.82
1.18
4.81
4.93
4.96
4.35
1.02
1.27
4.29
1.33
4.42
4.11
2.73
2.73
3.88
1.01
1.01
3.62
1.01
1.01
3.91
4.76
1.84
1.79
2.56
3.88
3.13
3.39
2.15
2.71
2.43
4.97
3.75
1.05
3.96
1.39
1.5
1.8
1.04
4.58
4.58
2.14
3.7
3.43
1.58
2.69
1.57
2.09
2.38
2.65
2.65
4.8
2.28
4.7
4.71
1.01
1.0
1.01
1.0
1.0
1.0
1.0
1.0
1.0
1.0
1.0
1.0
1.0
1.0
4.64
4.08
3.23
1.09
2.43
1.89
2.29
4.08
1.96
1.01
1.01
4.09
3.9
4.22
4.22
1.23
2.69
3.93
4.55
1.04
1.11
3.71
1.03
1.07
4.33
1.45
2.83
4.6
1.05
1.04
2.18
3.65
1.66
1.02
1.02
1.01
2.58
2.64
4.53
2.91
4.05
4.82
1.55
4.57
1.27
2.13
3.0
3.03
1.11
1.9
4.88
4.13
4.67
1.87
3.38
3.73
3.99
3.02
2.63
1.06
3.46
3.93
3.41
4.61
1.77
4.78
3.59
1.01
4.51
4.64
4.64
4.01
3.61
4.12
2.73
1.13
3.57
3.36
1.01
1.14
3.75
2.5
1.04
1.52
1.22
4.4
1.08
2.03
4.92
4.77
4.37
2.06
4.78
4.31
1.09
4.18
4.58
4.46
4.03
4.99
4.98
4.83
4.78
3.31
1.01
2.23
1.01
4.74
1.02
3.97
2.98
1.77
3.09
4.93
4.58
4.88
4.04
4.76
1.01
3.82
4.88
4.24
2.42
3.05
1.09
4.58
1.31
4.22
1.73
1.36
1.08
2.27
3.59
4.97
4.84
3.98
2.54
2.84
1.16
1.61
4.79
2.59
4.2
4.56
1.55
3.43
3.94
3.57
1.84
1.06
4.37
4.67
1.01
1.58
1.05
1.34
2.52
4.7
1.93
1.89
2.51
3.53
3.96
3.62
1.04
1.67
3.11
1.05
3.32
4.69
4.21
4.21
2.94
1.89
1.55
1.75
1.87
1.42
2.02
4.93
4.93
4.93
1.4
3.32
1.01
1.01
1.01
2.43
2.54
2.96
3.51
1.01
2.61
2.33
3.78
1.92
3.49
3.68
3.68
3.68
1.01
1.65
3.24
1.03
1.04
1.58
1.03
1.05
1.07
4.53
1.02
1.79
2.74
1.45
4.81
4.27
1.11
3.65
4.08
1.05
4.8
1.01
4.36
1.82
1.34
1.69
1.18
4.85
1.74
1.79
3.89
4.91
4.52
4.98
4.87
3.02
2.96
4.66
4.37
2.26
2.73
3.44
4.85
1.11
2.81
1.15
3.91
2.27
3.96
3.58
4.04
1.02
1.03
1.65
4.73
1.05
1.52
2.71
3.85
2.22
1.07
1.0
1.0
4.53
1.07
3.26
2.81
2.06
4.36
4.4
1.01
4.47
1.42
1.11
1.01
1.01
1.07
1.01
1.15
4.35
4.76
2.23
1.96
2.29
4.37
2.06
2.02
4.22
3.95
4.1
3.85
3.78
3.88
3.81
3.12
4.86
2.98
3.36
2.92
1.06
3.34
4.71
4.82
3.81
4.94
4.27
1.04
1.24
4.88
1.23
3.23
4.26
1.88
4.4
4.42
2.43
3.34
2.18
4.31
1.03
3.92
1.49
1.12
3.74
3.96
4.23
4.28
3.99
3.86
1.26
1.29
4.02
3.26
1.41
1.09
3.02
1.53
4.73
2.42
1.01
1.01
1.01
1.01
3.7
1.07
4.7
4.2
4.9
4.08
1.9
2.06
4.23
2.72
2.1
2.62
1.06
3.67
1.0
1.0
1.0
1.0
4.95
2.68
4.86
1.01
1.01
1.01
4.86
4.91
4.0
2.15
1.11
1.81
1.04
1.09
1.76
2.72
3.88
4.06
1.02
4.46
3.17
1.58
4.32
1.96
2.93
2.18
4.31
4.45
4.45
3.86
3.01
1.01
1.04
1.02
3.92
1.01
1.82
3.38
1.03
1.2
2.15
4.51
1.71
3.49
4.17
4.17
2.83
2.65
4.91
3.44
4.61
1.56
1.49
1.0
1.01
1.61
1.0
4.28
4.41
1.32
2.64
4.06
2.87
3.16
3.33
4.05
4.92
1.01
1.02
1.25
4.4
3.01
3.89
3.12
2.12
2.51
4.99
4.27
4.15
1.29
4.08
4.53
1.93
2.89
3.28
1.07
1.31
1.03
1.16
1.01
1.01
3.3
4.86
2.31
4.58
3.08
3.58
2.56
2.16
1.03
1.02
1.86
3.25
1.01
1.05
1.64
4.03
1.04
1.49
3.92
4.52
1.03
3.94
3.98
1.02
4.88
4.17
1.88
1.12
3.96
1.08
1.35
1.37
4.59
4.69
4.75
4.57
4.29
4.01
1.32
1.0
1.0
3.85
1.0
1.0
2.65
4.75
4.91
4.97
1.02
1.75
1.01
2.26
4.16
3.95
1.31
4.14
4.37
2.72
2.72
4.08
4.08
4.29
3.94
4.97
4.72
3.67
3.67
1.16
1.01
1.01
1.02
1.14
1.0
3.19
1.91
4.02
4.08
1.54
3.65
3.55
3.04
2.55
3.24
1.93
1.37
3.76
4.76
3.0
1.23
3.83
4.18
3.63
3.63
1.68
2.83
2.29
3.94
2.22
4.91
4.72
1.99
3.12
1.47
3.93
1.03
3.7
1.56
4.27
1.45
3.27
1.98
3.46
1.06
1.91
3.04
1.02
1.12
1.13
4.39
3.28
4.14
4.98
4.67
5.0
4.85
2.01
2.31
4.99
2.71
1.14
4.77
1.08
2.06
2.32
4.33
4.94
4.98
4.16
3.49
3.53
1.7
2.51
2.51
1.02
1.31
1.03
3.99
3.97
3.15
2.17
1.01
1.01
1.31
1.31
4.31
4.24
3.84
3.29
4.05
3.08
4.85
1.62
3.98
2.0
1.03
1.97
2.02
2.34
3.95
4.85
1.86
1.09
1.27
4.23
2.01
1.51
2.85
1.13
3.92
3.44
3.23
1.35
3.97
3.11
4.67
3.08
4.47
3.17
2.7
4.25
1.83
1.03
1.01
1.01
1.01
1.01
2.5
1.02
1.07
4.55
4.38
4.76
1.06
4.72
3.11
3.11
2.86
1.03
4.83
2.83
1.62
1.05
1.25
4.16
1.04
1.24
3.39
4.43
1.35
1.43
4.82
3.14
1.67
3.62
1.19
1.0
1.0
1.0
1.0
1.0
1.01
1.0
1.07
1.0
1.0
1.0
1.0
1.0
1.0
1.0
1.0
1.18
1.18
1.18
4.4
4.49
2.6
2.6
3.22
4.99
1.01
2.83
2.84
1.79
1.02
3.21
3.24
4.33
3.55
2.85
2.02
1.16
4.36
1.0
1.0
1.04
1.01
1.0
1.01
3.16
1.0
1.07
1.07
1.06
4.13
4.13
4.18
1.03
1.05
1.82
1.08
1.81
4.64
4.02
4.93
2.73
4.84
4.94
1.54
2.34
3.36
1.67
3.2
1.38
1.92
2.98
2.19
2.97
4.98
4.91
2.94
4.9
4.46
1.09
3.65
1.51
1.13
3.55
4.16
3.37
1.02
1.14
1.02
4.41
4.99
2.55
1.01
1.08
4.32
1.04
2.35
4.01
2.59
2.59
4.47
3.03
3.03
1.01
4.07
1.1
3.9
1.87
1.51
3.09
4.15
1.64
1.7
4.27
1.01
1.02
1.35
4.11
2.01
3.39
1.98
3.8
3.79
3.85
4.6
4.24
3.78
1.9
3.92
1.65
1.24
1.02
3.64
4.16
4.29
1.86
3.64
2.12
1.54
4.62
1.01
4.14
4.18
1.32
4.17
2.96
1.18
1.55
2.42
3.45
1.02
2.15
4.61
1.27
1.14
4.89
3.19
4.23
4.03
4.98
3.12
4.55
1.1
1.88
1.02
2.17
1.02
1.02
1.04
3.7
1.48
1.01
2.99
4.55
2.11
4.38
4.6
3.65
3.11
4.7
4.98
4.42
4.42
3.1
4.32
4.32
3.27
3.27
3.3
3.69
3.69
1.24
1.0
1.01
1.0
3.02
1.05
3.97
1.58
1.01
1.0
1.01
1.01
4.1
4.48
4.11
2.06
1.06
1.55
2.18
1.13
1.87
3.03
2.9
4.92
1.66
4.21
2.01
1.69
2.53
3.88
1.97
2.59
1.05
3.11
2.34
4.88
4.58
4.32
4.32
4.06
4.06
3.82
4.99
4.71
2.54
2.19
1.32
2.75
1.0
1.0
2.51
2.44
2.13
1.0
1.18
1.2
1.0
4.33
4.33
4.33
3.67
1.01
2.34
4.3
1.01
1.01
1.0
2.49
1.01
1.01
1.01
1.0
1.01
4.8
2.98
3.25
1.85
1.68
3.38
1.3
1.02
1.02
2.99
1.64
4.37
1.03
1.03
4.21
2.17
3.28
4.16
2.32
4.04
2.45
3.8
1.08
1.09
3.86
4.61
4.15
4.15
2.85
1.77
1.16
3.92
2.27
4.64
2.46
4.2
2.87
1.14
3.79
4.09
4.09
1.19
4.42
1.03
3.21
1.02
4.91
3.31
2.26
3.39
1.03
4.74
2.32
3.32
4.72
2.95
4.88
4.99
1.01
1.01
1.78
1.19
1.37
3.03
3.59
4.21
3.54
1.44
1.44
3.2
3.83
1.08
3.26
1.04
1.15
1.69
1.0
1.0
1.01
4.02
4.62
3.22
4.47
1.55
4.22
4.22
2.72
2.72
1.07
1.0
1.0
3.54
3.61
1.16
1.0
1.02
1.0
1.02
1.05
3.29
1.62
1.16
1.06
1.04
1.03
4.59
4.15
1.08
3.66
3.66
4.98
4.98
1.0
1.08
2.01
1.0
1.05
1.01
2.64
1.18
1.01
2.0
3.6
4.67
2.85
1.23
4.33
4.33
1.02
1.03
1.02
1.0
1.0
1.01
4.46
4.12
4.02
2.08
1.02
2.97
3.46
2.34
3.27
2.32
4.1
4.43
4.48
1.71
4.81
3.75
1.01
1.01
2.05
4.25
1.6
4.42
4.99
4.56
4.56
2.98
1.02
1.48
1.65
1.01
1.03
4.72
1.0
4.69
1.01
4.99
3.84
4.35
4.99
2.7
4.98
3.91
3.36
1.0
2.11
1.0
4.85
2.93
2.88
2.5
1.23
1.01
4.32
4.8
3.4
1.0
1.32
1.01
1.09
1.18
2.65
1.11
1.09
1.0
2.67
4.99
1.03
4.87
4.35
4.81
1.68
1.91
3.66
3.04
2.86
1.32
2.88
1.01
1.87
1.01
2.7
4.92
1.3
4.04
3.76
4.37
4.0
4.07
1.45
1.03
4.08
3.98
1.01
1.03
4.17
2.67
4.82
1.04
2.6
1.63
4.99
3.61
4.11
4.11
4.82
4.99
1.42
3.39
1.01
1.02
3.45
3.94
1.47
1.03
1.03
1.03
4.66
1.19
3.72
4.91
4.56
4.07
1.04
1.02
1.41
2.5
1.01
1.29
4.32
1.01
1.01
4.94
3.21
1.81
4.14
4.14
4.09
1.01
1.35
1.29
2.12
1.08
1.49
1.03
3.03
3.04
2.01
2.03
1.13
1.89
4.49
1.45
2.26
3.41
4.32
4.5
3.28
2.92
1.46
1.03
1.97
2.87
3.24
3.38
4.73
3.61
3.36
3.17
2.13
1.3
1.01
1.91
2.75
1.01
4.61
2.44
3.76
3.85
2.91
1.66
1.07
3.7
1.22
2.76
2.76
2.76
4.01
4.01
1.12
4.33
1.69
1.04
4.0
1.01
1.73
1.92
1.87
1.94
4.69
1.57
3.67
1.05
3.65
2.77
4.7
2.46
2.46
2.22
4.37
1.06
1.78
2.48
1.95
1.01
1.17
1.0
1.0
1.09
1.02
1.04
1.0
1.01
1.0
4.03
4.56
4.82
4.08
4.08
1.03
1.62
1.02
4.07
2.47
4.99
1.0
2.64
3.9
1.88
3.82
1.0
1.0
3.38
1.01
1.96
1.0
4.36
4.07
3.93
1.04
1.25
4.19
2.73
4.57
2.74
4.12
1.22
1.02
1.05
1.16
4.1
4.04
4.11
4.11
4.15
1.25
1.01
1.01
1.01
1.01
4.76
4.83
4.79
4.22
1.02
1.4
4.17
1.36
1.9
1.09
1.03
4.39
4.28
3.49
1.02
1.01
3.03
4.85
3.73
4.64
3.94
3.89
3.16
4.16
2.57
1.42
4.67
4.01
3.38
1.62
1.96
3.72
4.95
1.01
2.75
1.61
1.14
3.05
4.03
1.13
3.82
1.05
3.8
3.5
3.87
3.11
1.16
3.14
4.99
3.9
1.95
4.0
1.03
3.39
4.62
4.73
1.0
1.03
1.67
1.08
4.37
4.49
3.44
4.88
4.64
3.93
2.52
1.9
3.08
1.09
1.08
3.18
2.16
1.55
3.03
1.14
1.86
1.0
1.54
1.76
3.74
1.76
3.48
4.3
4.01
3.09
3.09
4.75
4.75
4.92
2.57
1.91
1.08
1.04
2.0
1.33
1.01
4.65
4.98
4.96
2.37
2.37
1.01
1.03
4.92
3.89
3.53
4.08
1.02
1.06
2.51
1.84
3.99
3.16
2.43
3.16
1.82
1.73
1.33
1.01
1.01
1.01
1.01
1.13
4.97
4.32
4.32
1.05
1.08
3.23
1.03
2.95
3.05
3.05
1.13
4.37
4.89
1.7
3.87
3.02
2.04
2.35
3.73
3.57
3.57
3.57
3.07
4.5
4.01
3.06
3.18
1.05
4.08
3.41
4.11
1.02
3.13
4.33
4.99
3.74
4.72
4.72
1.84
1.08
1.12
2.7
1.0
1.0
1.01
1.13
1.06
1.01
1.0
1.0
1.0
1.0
1.0
1.0
1.0
1.0
1.0
1.0
1.0
4.99
2.69
2.18
3.2
3.2
3.26
4.05
1.35
1.2
3.77
1.09
3.84
4.38
1.07
2.66
1.02
4.24
1.11
3.24
3.79
3.45
3.45
1.6
4.94
1.02
2.21
1.02
1.01
2.14
1.28
4.32
3.52
2.67
1.13
1.05
3.53
3.92
4.25
3.24
4.69
4.69
4.38
4.53
3.87
4.41
3.88
3.09
4.19
3.92
4.45
4.45
3.91
3.32
4.98
2.2
1.57
1.88
1.01
3.42
1.58
1.03
2.71
1.01
4.65
3.35
4.8
1.01
4.27
1.39
4.76
1.0
1.0
1.01
1.0
1.56
1.01
4.62
1.31
2.32
1.07
1.07
3.34
4.62
4.62
4.05
2.32
1.74
1.66
1.22
2.05
4.11
3.93
1.43
1.93
3.24
2.29
1.93
3.87
3.67
3.93
2.95
3.9
2.13
1.03
3.95
4.1
1.01
1.01
4.76
1.02
4.52
1.09
1.03
1.02
2.67
4.82
4.99
4.63
4.88
2.8
4.98
3.96
3.75
4.55
1.03
1.69
1.09
1.01
2.43
2.71
4.88
3.1
3.11
1.01
1.1
4.9
2.98
2.88
2.65
3.36
4.1
4.14
3.62
1.35
1.79
4.21
1.12
2.24
2.75
1.06
1.05
2.1
4.26
4.23
2.99
3.87
4.15
3.92
3.87
4.3
1.0
4.41
4.08
3.27
3.55
4.6
4.6
4.6
4.84
2.85
3.19
4.94
1.08
2.37
1.45
1.78
2.52
1.0
1.01
3.81
2.91
4.17
4.98
1.67
4.99
3.43
1.6
2.97
1.17
4.73
1.06
1.41
2.61
2.82
2.03
1.12
3.25
2.8
2.87
2.23
1.95
1.95
4.99
3.78
3.37
4.98
1.81
2.35
1.07
1.51
3.83
1.88
4.88
3.12
1.74
2.0
2.09
4.44
4.38
3.33
3.44
4.96
1.77
1.91
1.05
4.87
2.69
4.55
2.47
4.57
2.32
1.06
4.17
1.03
4.06
1.45
1.36
4.11
1.24
2.21
1.44
1.33
1.4
1.03
3.82
4.17
4.01
4.01
1.09
1.68
1.03
1.04
1.04
1.04
1.65
1.89
1.9
2.83
1.31
4.41
3.17
1.94
2.1
4.55
1.08
4.62
3.17
4.0
2.43
3.7
1.05
1.76
1.74
1.09
4.07
2.11
1.92
4.95
1.09
1.23
1.82
4.24
1.28
3.74
3.22
3.79
3.79
3.79
4.45
4.97
1.59
3.63
2.9
3.84
4.17
1.86
4.18
2.2
3.51
3.06
3.44
1.22
4.15
1.82
2.2
3.05
1.01
1.01
3.14
4.05
4.92
1.0
1.01
4.98
1.17
1.0
1.04
4.16
4.1
2.08
4.41
3.48
3.34
4.98
3.11
4.95
2.35
3.53
1.02
4.93
3.32
4.06
2.19
4.21
3.04
4.61
1.16
3.23
1.98
1.27
1.03
1.05
3.16
1.05
1.04
4.26
4.26
3.35
3.35
3.91
4.91
3.44
4.15
1.33
2.7
1.88
1.13
1.01
1.01
1.01
3.23
1.11
1.01
3.83
4.22
5.0
4.2
1.0
1.0
1.0
3.37
3.37
3.73
1.1
1.01
1.04
1.0
2.56
2.56
2.56
1.0
1.0
1.0
3.92
3.09
1.01
1.71
2.36
1.31
1.01
3.6
4.59
4.25
3.14
3.85
1.7
3.34
4.47
5.0
3.27
3.03
3.64
4.47
3.83
1.01
3.92
4.0
2.68
4.99
4.25
3.58
4.77
2.86
2.05
2.81
1.01
3.78
3.79
2.04
1.01
1.38
2.33
2.07
3.09
1.72
4.97
4.93
4.93
3.86
2.03
3.96
4.77
4.96
1.02
3.66
2.28
3.56
2.8
4.99
4.81
3.88
1.01
4.97
1.03
1.03
4.92
1.05
1.03
1.02
1.01
1.04
4.26
4.39
3.32
4.07
3.74
3.15
2.88
4.03
1.35
1.35
2.83
1.01
1.03
2.35
2.0
2.35
1.15
2.9
1.13
4.06
1.32
4.07
4.95
4.61
4.76
4.71
1.01
1.01
1.01
1.56
2.05
1.78
3.13
3.92
3.44
3.44
3.37
3.89
3.6
3.6
3.7
4.65
4.45
3.79
2.86
4.52
2.8
2.8
4.66
2.87
4.97
4.56
1.02
3.32
2.15
2.9
2.9
1.11
1.86
2.74
1.47
2.01
1.16
4.63
1.01
1.13
2.99
2.63
4.35
3.13
4.13
1.21
2.54
1.01
1.56
3.55
2.0
2.94
1.97
3.14
4.65
2.02
4.82
3.26
1.61
4.29
4.1
1.01
2.85
4.33
4.55
4.39
4.99
4.41
1.66
4.09
4.99
1.46
3.53
3.94
4.76
3.72
3.67
2.22
2.22
2.81
3.74
3.29
3.72
2.42
4.14
1.01
4.95
3.88
2.31
3.86
3.94
3.94
5.0
5.0
4.0
3.98
3.55
4.77
4.56
3.52
1.81
1.0
3.5
1.01
1.03
1.84
1.1
3.06
4.19
3.25
3.25
4.09
1.22
1.0
3.38
3.38
2.59
1.67
1.0
3.68
1.0
1.0
3.2
3.99
3.16
4.76
4.36
1.03
4.98
2.17
2.29
4.85
3.96
4.7
4.93
4.28
4.01
1.07
3.77
1.74
1.85
1.04
4.88
4.97
1.07
1.66
1.78
4.85
1.03
3.27
4.81
4.54
3.01
1.85
1.85
1.84
4.77
1.1
4.29
4.76
3.69
1.96
3.68
2.46
1.7
3.09
4.48
4.33
2.37
3.67
4.95
3.05
3.82
1.0
1.67
2.33
1.0
3.24
3.77
1.07
4.96
4.96
4.97
1.0
4.75
4.36
4.36
4.36
4.36
3.9
4.99
4.99
1.01
2.18
1.0
1.67
1.0
3.67
1.0
4.27
1.02
1.02
4.61
4.04
4.26
1.79
4.48
1.53
1.61
4.26
2.19
2.92
4.37
1.03
1.1
2.95
1.04
3.75
4.65
4.88
4.85
2.25
4.88
4.85
2.98
3.82
1.42
4.82
4.99
2.47
4.73
4.73
1.24
1.84
3.58
1.65
1.0
1.1
4.97
3.0
4.01
3.22
3.86
2.28
1.39
1.05
4.19
2.23
2.06
3.51
2.99
2.03
2.11
1.04
3.84
2.03
4.11
2.08
1.18
2.47
1.02
1.02
4.88
2.28
1.34
4.47
4.19
4.46
1.83
3.01
3.29
1.35
1.1
1.93
2.06
1.17
2.18
3.1
4.57
3.04
1.21
1.1
3.92
2.13
4.52
3.26
1.08
1.03
2.24
4.25
1.0
1.0
1.0
1.0
1.0
1.0
1.01
1.0
1.01
1.01
1.01
1.01
1.01
1.01
4.67
4.42
1.32
4.12
4.97
2.66
2.2
4.03
3.43
3.83
1.02
1.02
1.02
4.92
3.2
1.05
1.22
2.54
2.14
1.03
1.05
1.06
3.15
5.0
4.3
3.24
3.96
3.02
3.88
4.99
4.99
4.13
4.99
4.98
1.0
1.32
1.0
1.0
1.11
1.0
4.03
1.0
4.94
4.02
1.99
2.92
2.62
2.98
4.55
1.11
3.11
4.45
4.76
4.38
1.01
1.13
1.01
4.71
1.01
2.38
2.38
1.28
1.08
1.06
4.23
3.49
3.49
2.13
1.02
1.42
1.01
4.38
4.54
4.74
4.43
1.24
3.21
1.69
1.27
3.23
4.98
4.46
4.98
4.44
2.37
4.94
4.23
1.02
1.03
1.16
4.24
3.18
4.94
3.85
3.29
1.03
1.08
4.66
3.01
3.69
1.52
1.42
1.13
1.02
2.11
2.11
4.93
3.94
4.05
1.57
3.03
3.87
2.56
4.99
4.99
4.99
3.12
4.98
4.91
4.98
4.5
4.5
4.5
3.0
1.0
1.0
1.0
2.59
1.43
1.0
1.0
1.17
1.17
1.0
1.0
1.01
1.01
1.01
1.0
5.0
1.01
1.01
1.3
1.01
1.17
3.9
2.32
4.01
1.88
3.05
2.16
1.56
2.1
4.0
3.4
1.09
1.14
2.98
4.76
4.7
4.7
4.76
3.97
4.05
4.9
2.38
1.56
1.02
1.03
3.92
2.91
4.32
1.0
1.0
1.0
1.0
1.0
1.0
2.33
1.0
4.43
2.03
1.64
1.64
1.14
1.01
1.08
2.84
3.7
4.09
3.22
4.22
1.0
1.19
1.43
1.51
1.0
1.05
1.38
4.15
3.89
2.95
4.32
2.25
4.2
4.74
4.01
3.53
2.93
2.23
2.8
2.8
2.9
4.24
1.02
4.72
4.97
1.05
2.22
2.45
3.05
4.94
3.09
2.16
1.64
1.02
1.02
1.06
4.74
4.74
3.79
4.99
4.5
1.09
1.01
3.77
1.38
1.5
1.01
1.01
1.24
2.54
1.99
1.01
4.97
4.36
3.94
3.94
3.29
2.68
4.94
3.03
4.71
4.74
2.74
2.74
4.4
4.32
4.42
4.59
3.11
3.1
2.16
2.72
1.24
1.05
1.05
4.64
1.84
1.01
1.12
3.38
1.18
3.32
3.32
4.08
4.15
2.03
4.1
1.03
4.31
4.12
3.91
1.46
1.83
1.83
4.96
4.11
1.11
4.89
3.49
4.24
3.41
3.5
3.63
3.63
3.35
3.97
3.41
3.41
3.62
3.91
3.89
3.19
3.19
3.68
2.36
2.77
4.98
2.08
3.89
1.61
3.37
4.08
2.33
1.5
2.78
2.16
2.43
1.89
2.35
1.0
1.88
1.94
2.86
2.94
1.99
1.55
4.99
1.01
2.69
1.17
4.39
2.08
1.01
1.01
1.04
1.2
1.02
1.29
4.35
1.71
1.71
4.88
4.85
2.76
1.03
4.06
3.91
3.87
2.81
4.42
3.77
3.98
4.04
4.41
4.27
4.37
1.01
1.01
1.01
1.0
1.01
1.79
4.58
3.89
4.06
1.05
1.21
2.64
1.13
4.63
4.37
3.72
4.36
1.04
3.91
1.99
2.48
3.92
4.25
4.98
4.23
4.23
1.01
1.01
4.17
1.01
1.01
1.67
1.01
2.99
1.11
4.65
1.26
3.49
3.09
2.14
1.08
4.11
3.88
1.54
1.13
4.95
4.61
1.03
1.11
3.74
4.22
1.02
4.66
4.83
4.78
3.52
1.24
1.53
3.35
1.09
4.06
4.38
1.47
1.41
1.96
1.08
4.71
3.17
2.16
2.41
1.26
1.07
3.38
1.0
1.18
1.0
1.0
1.07
4.18
3.14
2.94
3.34
3.91
2.33
3.14
2.1
1.06
4.96
1.27
1.68
2.71
4.81
1.03
2.88
4.15
3.95
2.16
3.34
3.46
1.43
2.51
1.33
4.46
2.79
2.63
2.48
4.31
4.95
4.69
3.91
4.47
3.81
2.41
3.17
4.99
1.28
2.81
4.88
4.88
4.88
4.88
2.58
4.98
4.98
2.68
3.9
3.46
3.97
1.4
4.99
1.93
1.0
1.47
1.0
1.98
1.02
1.0
3.68
2.13
1.01
1.0
2.75
1.0
1.23
1.43
1.0
1.0
1.06
4.92
4.57
4.34
2.15
1.67
1.42
3.85
1.23
1.04
1.02
4.42
1.07
3.23
1.13
4.86
1.63
1.63
3.7
4.82
4.22
3.9
1.12
3.27
4.26
4.36
3.99
1.39
1.74
4.77
2.3
2.52
1.04
3.04
1.13
1.36
1.73
1.01
3.9
2.97
3.29
2.24
4.8
1.06
2.32
4.79
2.6
4.61
2.4
3.8
3.78
3.78
1.0
2.42
2.29
2.09
2.4
1.52
1.02
1.01
3.77
1.0
1.0
1.24
4.07
3.8
4.35
4.46
4.46
4.0
4.92
4.3
4.07
4.07
3.12
4.37
3.21
4.17
4.17
3.06
3.05
2.77
1.01
1.12
2.57
3.03
1.69
3.64
3.89
1.93
3.64
2.97
2.95
4.55
4.06
1.12
2.07
2.05
4.25
3.6
3.48
3.48
1.69
2.91
1.13
3.18
4.49
1.15
1.09
1.96
1.06
4.26
4.08
1.59
1.96
4.28
4.28
4.55
2.51
1.03
1.02
4.36
3.55
1.92
3.94
3.25
1.36
2.76
1.6
2.98
2.26
3.8
1.74
4.69
3.76
4.76
5.0
5.0
4.18
1.03
2.33
1.0
2.33
3.59
1.0
1.0
1.03
3.66
3.66
1.0
1.0
1.69
1.66
1.01
1.0
1.0
4.11
1.08
4.2
1.06
2.35
3.35
4.57
1.84
1.02
1.02
1.05
1.04
1.36
1.05
4.82
4.37
1.38
1.03
1.03
1.04
2.12
3.69
1.01
2.79
1.35
1.24
4.5
4.95
4.75
1.59
1.04
3.39
1.07
1.06
1.13
1.58
2.09
1.97
1.05
4.08
1.09
1.2
4.66
4.04
4.96
4.96
4.26
2.63
2.7
2.2
2.7
4.25
4.25
3.23
3.33
4.39
4.73
3.99
2.48
4.1
3.95
1.07
3.86
3.54
2.54
1.49
3.64
2.9
3.62
4.37
3.69
4.46
3.83
4.31
3.55
2.66
1.88
3.96
1.25
1.48
2.11
4.8
3.24
4.35
1.31
4.34
1.01
1.02
4.55
3.51
2.77
3.66
2.5
2.0
1.01
1.02
4.71
2.92
1.01
2.56
4.34
3.99
4.48
4.48
3.38
4.59
2.95
2.08
3.96
2.15
1.27
3.99
4.22
4.22
1.02
3.81
2.3
3.42
3.86
3.98
3.98
4.89
2.74
2.46
2.76
4.07
1.84
1.16
1.48
2.64
1.6
1.51
1.88
4.21
2.7
4.83
2.02
1.21
1.78
2.66
1.86
2.58
1.0
4.43
4.94
1.66
4.57
4.61
1.01
1.03
1.07
2.03
4.67
2.84
4.97
1.58
1.65
1.07
3.37
1.08
1.04
3.83
1.56
4.93
4.99
4.14
4.99
4.78
1.0
1.0
1.0
1.01
1.01
1.01
3.53
1.03
1.84
1.08
3.06
2.03
2.69
3.31
1.51
4.37
1.05
1.05
1.05
1.04
1.02
3.08
1.03
2.88
3.93
2.38
2.8
2.93
4.87
3.78
3.98
4.77
4.07
3.18
3.1
2.27
4.1
3.84
3.25
4.75
4.99
3.87
3.8
4.81
1.57
1.52
3.42
1.38
4.86
1.01
1.0
1.0
1.97
1.02
1.26
2.84
1.92
4.33
4.92
4.0
4.87
1.02
3.3
4.98
2.54
2.77
1.66
4.97
4.97
1.05
4.09
3.22
4.64
4.99
4.95
4.95
1.1
1.1
1.0
1.0
1.0
1.0
1.0
1.01
1.28
1.0
1.04
1.0