5.0
5.0
5.0
5.0
5.0
1.01
1.77
1.77
1.84
1.84
4.97
2.11
4.03
4.22
4.08
4.08
4.37
3.8
1.13
4.23
1.06
3.87
2.01
1.41
3.91
1.01
1.14
3.31
3.2
1.01
1.01
1.12
3.58
1.14
1.14
4.23
4.23
3.16
3.16
2.18
4.37
2.58
1.0
3.34
4.92
3.87
1.47
1.02
4.79
1.39
1.01
3.23
1.03
1.04
1.0
1.0
1.0
1.0
1.0
1.0
1.0
1.0
1.0
1.0
1.0
1.79
3.54
1.98
2.74
1.24
4.33
3.55
4.63
3.34
4.99
3.65
3.67
4.5
4.11
3.38
3.38
4.52
3.81
3.01
3.99
4.24
3.95
2.07
3.85
3.53
2.95
3.36
3.82
3.9
4.99
3.7
4.4
4.95
3.87
1.29
1.02
1.01
4.23
3.12
3.31
1.64
1.0
5.0
3.77
2.85
1.95
2.44
3.14
2.08
1.43
1.36
2.49
1.28
1.0
4.44
1.08
1.62
4.5
3.81
4.73
1.83
1.99
4.31
5.0
5.0
5.0
5.0
5.0
4.99
1.01
3.96
2.07
2.8
3.49
1.22
1.4
4.05
3.5
3.5
1.14
1.05
3.16
4.08
1.09
4.33
3.5
4.26
4.99
4.99
3.93
4.0
3.48
3.47
4.99
3.84
4.66
3.82
2.78
3.23
1.06
2.2
2.73
2.49
3.28
2.42
2.98
4.07
4.9
1.03
1.51
2.9
3.0
1.01
3.86
1.09
4.89
1.04
1.1
1.27
4.88
2.44
4.33
4.43
4.97
4.96
3.36
1.01
1.06
1.01
1.01
1.23
1.01
2.8
1.56
1.59
1.01
1.01
1.01
3.85
3.39
1.03
2.98
4.64
4.67
1.85
4.56
4.99
4.71
1.1
4.97
1.01
1.01
1.01
1.02
1.01
1.03
1.51
3.97
4.1
3.73
3.73
2.71
3.74
2.39
3.77
3.77
4.4
3.75
4.31
3.31
3.31
2.87
2.87
2.87
2.87
1.0
3.11
3.11
2.44
3.01
1.0
1.0
1.0
1.0
1.24
1.0
1.0
1.79
1.0
1.67
1.01
4.76
3.94
3.25
4.61
1.37
2.83
1.13
3.92
1.25
3.99
3.25
3.96
4.39
3.88
2.81
3.77
4.45
1.08
1.14
3.12
1.26
1.02
1.02
1.02
2.93
4.99
4.97
1.01
3.24
1.32
4.99
4.63
4.63
4.99
5.0
4.97
4.97
5.0
4.82
4.82
1.64
3.0
1.0
3.72
3.0
5.0
5.0
5.0
5.0
1.0
4.23
1.01
1.01
1.5
1.0
1.18
1.0
1.61
1.0
2.35
1.0
1.0
1.81
1.0
1.0
1.0
1.19
1.19
4.97
1.88
1.01
1.14
1.0
1.0
1.13
1.01
3.23
4.02
2.14
3.22
3.37
2.34
2.7
4.9
3.93
3.3
3.3
1.02
1.01
1.0
1.0
1.0
1.0
4.84
4.84
4.96
1.01
1.36
3.45
3.82
4.66
3.49
1.05
1.76
4.82
3.66
4.98
2.41
4.58
2.12
4.88
4.39
1.31
3.48
3.73
3.12
3.96
4.19
2.9
2.71
1.66
3.96
2.17
2.03
3.84
1.65
4.28
2.41
4.93
1.64
1.07
4.01
4.4
4.14
4.12
4.27
3.05
3.2
4.08
4.32
3.35
3.2
3.1
4.48
3.78
2.82
3.75
1.01
4.69
1.16
1.25
4.23
4.17
3.38
4.97
4.94
1.42
1.01
2.77
2.72
4.73
3.96
4.99
4.99
3.62
1.02
1.03
1.36
1.0
1.0
1.0
1.0
4.03
1.02
1.01
1.02
1.01
1.01
3.24
3.85
1.43
2.51
1.07
1.17
1.08
4.69
2.33
1.01
2.15
2.41
2.94
3.21
3.24
1.29
2.67
3.68
1.37
1.12
1.76
2.78
2.84
1.56
3.55
1.32
1.94
1.94
1.33
1.6
1.03
2.72
2.72
1.06
1.01
1.12
1.79
4.35
4.84
1.04
1.24
1.07
5.0
5.0
5.0
1.0
1.0
1.0
1.0
1.0
1.78
1.0
1.0
1.0
4.79
5.0
4.04
5.0
4.86
4.97
4.31
1.67
1.01
1.45
3.34
4.99
1.08
1.66
3.07
4.36
4.52
4.88
2.92
1.5
4.88
1.01
1.01
1.02
4.97
3.82
1.02
1.68
4.41
4.99
1.01
1.01
1.01
3.07
1.36
3.79
4.78
3.51
4.08
4.16
2.52
1.01
2.35
4.33
5.0
1.0
1.0
1.0
1.0
1.05
1.0
4.33
4.99
4.99
4.04
2.86
2.23
1.0
1.01
1.0
1.0
4.71
4.44
1.92
3.37
3.6
4.16
3.06
3.53
1.4
1.91
3.78
1.01
3.21
1.18
1.0
1.98
1.07
1.01
2.88
1.03
2.8
2.24
1.27
2.64
4.58
2.78
4.75
3.28
2.46
4.66
3.97
1.03
1.06
1.13
3.35
1.6
1.94
2.49
3.73
1.19
2.79
1.21
2.45
2.83
1.66
3.06
4.24
1.06
3.69
1.13
4.98
4.71
3.68
1.75
1.28
1.94
4.46
3.16
1.1
2.6
2.6
2.65
1.49
3.3
3.62
3.62
3.03
4.68
1.27
1.01
1.52
4.1
1.01
3.18
1.21
3.09
2.99
2.84
1.0
4.9
1.0
1.05
1.0
1.51
1.78
1.78
1.1
2.27
3.51
2.9
1.4
3.58
1.45
2.02
3.02
1.0
1.01
2.62
3.41
2.37
1.0
2.63
1.27
1.02
1.0
1.01
4.23
1.36
1.0
2.73
2.89
1.01
2.3
3.0
1.09
3.82
1.09
1.05
1.07
4.17
1.18
3.54
4.09
1.56
1.56
1.89
3.24
1.82
1.47
1.12
3.12
4.82
2.54
1.9
2.85
2.27
4.6
4.99
4.99
4.87
4.99
4.99
2.56
2.56
2.8
1.01
1.77
1.03
1.95
2.32
2.32
2.59
1.01
1.98
1.08
1.48
1.35
1.24
1.81
2.8
1.97
1.01
1.91
2.0
2.02
3.81
2.29
2.06
1.94
1.84
2.54
2.03
1.07
1.97
1.1
2.65
1.79
1.05
2.0
1.08
1.2
3.72
3.33
1.18
4.99
4.99
2.01
1.01
1.01
1.04
1.04
3.28
1.0
1.65
1.65
1.06
1.01
1.06
3.8
2.45
1.45
1.99
3.05
4.97
4.01
4.98
3.99
4.82
3.01
4.99
4.94
3.83
1.01
1.52
1.63
3.22
4.75
4.98
3.52
1.01
1.04
1.01
1.01
1.01
3.92
3.93
4.08
1.05
1.6
4.57
1.51
4.89
4.3
4.39
3.14
4.1
1.53
3.96
3.99
1.0
4.85
3.09
3.99
4.01
1.24
1.03
1.03
3.8
3.8
4.52
1.02
3.88
3.88
2.08
1.01
1.03
1.03
4.9
4.4
1.27
4.35
4.74
4.2
4.92
2.02
3.12
1.07
4.29
4.54
1.03
3.06
4.91
4.01
1.01
4.97
1.03
4.99
1.01
1.01
4.96
1.04
3.54
1.52
1.07
1.07
4.82
1.06
3.97
3.89
2.94
4.91
3.31
3.75
1.12
3.48
3.81
1.17
1.13
4.48
4.92
4.0
1.83
1.91
1.91
1.27
1.86
1.66
1.03
4.97
3.59
4.6
4.29
4.23
4.23
1.15
4.51
3.11
3.86
4.12
1.01
3.66
2.71
1.31
1.01
2.34
1.78
4.72
1.02
4.34
1.19
1.03
3.38
1.78
4.72
4.99
3.24
3.21
4.99
1.36
3.66
4.71
1.41
4.83
1.01
4.3
1.03
3.25
1.07
2.63
1.01
4.16
1.02
1.01
4.29
1.04
4.07
1.02
1.01
1.36
3.58
3.58
4.99
1.54
1.01
1.09
1.03
1.02
1.01
1.03
2.78
3.96
1.04
1.97
4.18
4.2
3.28
4.76
2.23
2.48
2.97
1.44
4.56
3.32
3.71
1.33
4.98
4.75
2.29
3.8
3.8
3.65
3.8
3.61
2.31
4.62
2.48
5.0
5.0
4.44
4.44
3.46
3.55
3.39
3.39
3.66
2.56
2.56
2.56
3.64
3.88
2.22
2.43
2.73
4.07
5.0
4.99
1.65
1.32
4.6
2.25
4.32
1.8
4.2
4.6
4.5
1.55
1.01
4.96
1.62
2.34
4.09
1.18
1.04
2.55
1.07
3.62
2.68
3.49
3.58
2.83
1.0
1.0
3.84
4.38
4.62
2.63
4.55
4.3
1.98
1.0
1.0
1.0
1.0
1.0
1.0
1.0
1.0
1.0
1.0
1.0
1.0
4.68
1.67
1.24
3.04
1.06
4.21
1.22
1.0
1.0
1.0
2.93
1.35
3.41
3.2
4.79
3.78
4.43
3.11
3.11
3.59
4.95
5.0
3.46
4.4
3.27
5.0
4.48
4.9
3.75
2.69
3.3
3.3
5.0
5.0
2.74
4.49
4.48
4.72
4.35
4.84
3.92
1.95
4.48
4.09
4.96
4.91
3.15
4.87
4.87
1.04
1.03
4.93
1.53
3.03
1.06
1.0
2.13
3.03
3.89
1.3
1.33
3.71
4.59
1.06
2.06
1.0
1.25
3.49
3.99
4.02
4.64
1.35
1.65
2.18
3.33
2.32
1.44
2.95
1.02
2.15
1.8
1.05
4.99
3.58
3.97
4.99
4.64
5.0
2.73
4.99
3.97
4.99
4.99
2.14
2.02
1.01
2.65
2.02
2.79
2.92
1.0
1.14
1.01
1.45
4.23
1.03
2.29
1.87
3.05
1.02
1.01
4.91
1.04
2.0
1.21
1.14
4.28
4.34
3.19
3.88
1.09
3.79
4.43
4.77
1.99
1.0
1.0
1.0
1.04
4.45
3.9
3.65
1.17
3.31
3.76
4.4
1.16
3.55
4.77
4.93
4.93
1.06
2.98
2.98
2.98
3.65
4.99
4.34
2.11
4.96
4.97
4.9
1.04
1.46
3.03
4.4
1.34
1.29
2.84
4.57
4.9
4.93
1.01
2.09
4.64
1.02
1.19
4.0
3.18
1.92
1.18
1.27
1.99
3.47
4.33
3.85
1.01
1.01
1.03
1.02
3.03
4.06
4.21
4.67
4.13
4.45
4.22
3.2
4.39
4.21
4.15
4.39
2.45
4.58
2.99
4.36
1.08
4.52
3.77
4.57
1.4
2.05
4.54
4.51
4.92
1.72
2.94
2.94
1.05
2.12
4.97
1.01
1.87
2.03
4.95
3.76
2.2
1.22
4.05
1.5
4.55
3.7
4.23
1.06
3.15
2.82
3.42
4.48
3.37
4.81
4.57
2.56
1.01
2.02
1.45
4.11
1.07
2.45
3.32
3.95
1.92
1.07
4.5
2.88
1.04
1.25
4.03
2.8
3.0
2.95
2.3
4.32
1.07
1.04
1.65
1.85
1.88
1.73
3.14
4.98
4.3
3.46
3.36
4.24
2.33
2.34
4.89
3.53
3.48
2.58
2.13
2.13
2.96
2.52
4.62
2.3
2.45
2.77
4.65
4.34
1.96
1.26
3.23
2.33
2.33
3.2
4.15
2.07
2.83
1.43
3.82
1.24
2.82
1.14
2.11
2.6
2.11
1.03
1.04
1.03
2.79
3.46
3.09
1.21
1.24
4.84
4.2
4.24
4.24
1.31
1.06
1.03
2.76
1.01
2.46
1.15
4.53
2.86
2.9
1.78
4.71
3.71
4.98
4.49
4.82
4.8
1.12
4.51
2.94
3.91
3.91
2.91
3.89
2.18
4.05
3.54
4.71
4.38
3.47
3.82
1.01
2.31
2.03
2.26
4.91
2.98
3.08
3.27
3.31
2.5
1.0
4.06
4.98
1.03
2.45
3.98
2.66
1.91
1.0
1.15
4.01
2.47
2.23
1.12
1.0
3.57
3.13
4.06
1.0
2.44
1.88
3.01
1.5
1.61
1.6
4.9
3.8
1.31
1.05
4.8
4.8
1.01
1.02
2.02
4.27
4.1
2.18
4.21
3.02
3.26
2.27
3.97
1.06
4.78
1.09
3.66
3.66
1.0
1.01
1.01
3.99
3.21
3.58
1.12
2.86
2.17
2.36
4.61
1.02
3.17
3.17
3.52
1.18
4.55
3.02
2.85
2.57
3.03
4.08
3.21
1.4
1.46
3.8
1.77
4.79
2.98
4.28
4.76
4.68
2.79
4.06
4.32
4.32
1.22
4.31
1.01
1.01
1.01
1.08
1.67
1.09
3.33
1.07
1.05
1.01
3.25
3.64
1.77
1.01
3.6
1.01
1.99
1.01
4.12
2.9
2.68
3.25
3.12
1.74
3.11
1.37
4.98
4.99
4.57
1.22
5.0
4.99
2.61
3.45
5.0
4.99
1.0
1.0
1.0
2.02
1.01
3.15
1.0
1.0
1.61
1.0
1.0
1.81
4.02
4.33
1.01
1.67
1.01
3.93
2.03
4.68
1.01
1.95
2.17
3.64
1.97
3.92
2.13
4.76
2.12
2.28
1.01
4.96
1.01
3.44
3.28
1.55
1.28
4.47
1.12
4.51
1.22
2.92
4.7
4.9
1.05
5.0
5.0
5.0
2.41
5.0
2.84
2.35
4.99
1.04
2.53
2.53
1.55
4.9
2.87
2.3
2.96
2.96
1.56
1.09
1.24
1.1
1.01
1.02
4.49
4.68
3.64
1.08
1.17
1.02
1.02
1.02
1.02
1.09
1.01
1.01
1.27
4.21
4.57
4.64
4.64
4.21
3.96
2.62
4.47
4.55
1.89
2.89
3.84
3.84
2.91
4.65
3.05
2.98
4.56
4.82
2.2
4.02
1.39
4.87
1.44
2.01
3.85
3.09
4.02
4.19
3.23
1.05
3.52
1.05
1.06
1.76
2.93
2.04
2.34
3.09
2.0
1.4
2.96
1.11
4.36
1.01
3.2
2.13
3.78
2.18
4.43
3.04
3.86
4.22
2.03
1.33
1.51
3.73
1.41
1.17
1.58
3.94
2.11
3.82
1.65
4.0
4.63
3.63
3.63
1.01
4.75
2.41
3.12
4.55
4.22
3.21
1.83
3.36
4.1
1.31
4.15
1.09
4.85
3.37
3.62
1.73
4.98
3.6
4.48
2.47
4.35
4.35
4.99
3.72
3.72
4.55
3.55
4.64
2.79
1.02
1.7
3.05
1.05
1.46
1.52
1.01
1.26
1.86
1.06
3.25
1.63
2.67
1.68
1.87
4.56
1.01
4.04
1.02
1.02
1.02
1.02
1.02
1.89
1.89
3.68
3.68
1.01
1.36
3.66
2.09
1.9
2.09
2.09
1.14
4.96
1.01
2.9
1.95
3.27
1.73
4.38
4.25
3.92
1.74
4.32
4.98
4.22
1.68
1.82
4.48
2.33
2.91
4.8
4.0
3.04
3.19
3.12
1.55
3.94
1.21
1.02
4.94
1.04
1.27
4.89
4.09
1.14
3.45
4.44
4.73
4.68
3.57
4.77
1.02
2.8
4.69
2.88
3.16
2.18
4.01
4.58
3.23
3.93
1.92
1.38
4.5
2.58
2.76
1.59
3.64
3.04
3.97
3.06
2.65
3.26
4.46
3.8
3.93
4.4
4.53
4.94
3.45
3.18
2.98
4.98
1.02
3.21
3.21
3.4
3.88
1.03
3.84
4.85
3.05
2.92
1.1
2.94
1.03
4.96
4.4
3.52
2.11
4.15
2.13
1.04
2.79
1.14
4.5
4.99
4.01
2.74
2.74
3.91
2.99
4.9
1.65
3.04
3.6
2.73
1.39
3.44
4.05
4.54
2.63
2.14
1.11
1.11
1.36
1.0
1.0
2.44
1.0
1.2
4.99
4.37
1.95
3.86
1.78
1.04
4.95
4.89
4.89
1.41
3.09
2.84
1.21
2.53
4.23
1.63
2.31
1.84
1.04
1.99
3.2
1.21
2.69
1.27
3.16
1.01
1.25
3.62
1.01
1.08
1.07
3.65
3.02
4.71
4.71
4.88
4.93
1.91
2.0
4.14
1.78
1.5
2.0
1.34
1.08
3.13
1.28
1.8
1.06
2.48
1.4
1.05
1.57
1.25
3.54
3.67
2.87
4.68
1.01
1.0
1.0
1.0
1.0
1.0
1.0
1.0
1.51
3.18
1.89
2.12
3.33
4.32
1.22
1.01
1.01
4.07
4.07
3.9
2.72
1.03
1.02
1.09
1.01
1.48
1.48
1.04
1.02
3.55
3.98
4.07
1.56
4.08
1.72
3.4
4.35
4.95
4.69
4.34
4.34
3.71
3.78
1.09
1.45
4.53
3.45
4.98
1.84
1.36
1.36
4.95
2.72
4.98
4.98
1.53
4.56
2.63
1.01
1.01
1.01
2.64
4.68
3.74
3.32
4.96
3.81
3.78
4.87
3.09
3.1
4.89
2.95
3.76
1.23
4.2
1.16
4.2
1.16
2.74
4.72
2.13
4.55
3.54
3.14
4.14
4.71
1.26
3.62
4.1
4.39
1.01
3.42
4.65
1.99
4.62
1.07
1.82
3.38
1.79
1.08
3.74
1.5
2.73
2.9
3.95
2.93
1.65
2.21
2.11
4.17
4.59
2.27
2.97
2.89
4.18
2.87
3.95
1.77
4.58
4.98
4.03
4.88
3.95
4.15
1.01
4.93
1.01
1.02
1.16
2.48
1.01
4.64
4.99
4.7
1.66
4.81
3.39
4.99
1.01
1.65
3.76
2.42
1.11
2.25
3.85
4.16
1.38
2.01
4.4
1.07
4.18
1.75
4.52
3.23
4.01
4.99
3.78
4.87
1.61
4.97
3.89
2.7
2.7
2.7
1.03
1.01
3.57
1.01
1.43
4.98
1.01
1.47
1.82
4.02
4.13
3.8
3.8
1.46
2.7
1.03
1.53
2.58
4.21
4.75
2.94
1.07
4.91
4.79
1.01
1.54
2.35
1.17
4.96
1.01
1.37
1.09
1.09
4.99
3.68
2.64
2.41
1.52
1.28
1.01
2.64
1.02
1.5
1.03
2.64
1.99
3.7
3.7
3.52
1.11
1.49
1.18
1.25
1.07
3.21
4.33
4.2
2.19
4.69
3.52
2.24
1.42
1.02
1.01
1.82
4.65
4.81
1.9
1.54
1.56
1.61
4.78
4.89
3.02
1.08
2.07
4.96
4.59
4.59
1.69
2.27
2.84
1.28
3.38
4.93
1.47
1.73
2.66
2.56
4.9
1.02
1.02
4.81
2.53
3.94
3.65
3.44
2.07
2.52
2.06
4.66
3.95
1.04
3.41
1.03
3.54
1.07
2.85
1.0
1.0
1.0
1.0
4.53
4.1
4.1
3.4
1.67
2.28
4.31
1.78
1.09
2.51
2.51
1.01
4.1
4.32
1.78
1.88
3.22
4.13
4.07
4.32
1.06
4.67
4.55
4.85
4.86
1.32
2.76
3.12
2.96
3.36
3.36
4.82
4.82
4.91
2.97
3.93
2.54
4.35
2.75
3.3
2.84
2.91
3.07
1.04
3.04
2.88
3.03
1.01
1.01
1.01
1.01
1.01
1.01
1.01
1.19
1.07
1.07
1.56
4.84
2.93
3.87
1.68
1.02
1.02
1.19
1.02
4.86
4.2
2.48
1.61
2.91
1.04
1.06
1.07
2.82
1.18
2.05
3.75
1.06
2.54
1.0
1.0
1.0
1.0
1.0
3.46
1.01
1.01
4.86
2.15
3.01
3.87
3.93
4.01
3.0
3.23
2.62
1.2
4.92
1.01
4.46
1.58
4.87
4.08
3.41
4.14
2.97
4.41
4.45
4.2
1.12
1.21
1.05
1.02
1.01
1.57
1.81
2.94
1.22
4.91
4.44
4.19
3.74
4.24
4.12
1.01
2.99
1.0
3.46
1.53
1.12
4.54
4.54
2.87
2.23
3.46
3.94
1.39
3.88
2.07
1.49
2.66
1.01
1.35
4.81
3.06
3.46
4.97
1.0
3.44
1.0
1.21
1.05
1.05
1.04
2.23
1.83
1.04
3.9
3.57
4.73
4.43
4.43
4.99
3.76
1.53
4.32
2.86
1.0
4.89
1.03
3.58
3.9
1.01
4.63
3.3
4.0
2.97
4.88
3.88
2.88
4.58
3.08
3.49
1.01
1.67
3.25
4.72
1.1
1.65
1.03
4.07
3.97
3.97
4.03
3.32
1.04
4.81
3.92
1.04
4.93
4.98
4.98
4.98
3.67
1.01
4.23
1.02
4.88
4.88
1.05
1.05
3.17
1.04
4.81
4.72
1.03
1.35
3.42
4.53
3.56
4.69
4.69
4.11
2.87
2.87
4.57
4.57
1.0
4.57
4.57
1.0
1.7
1.0
1.67
4.71
3.22
4.93
1.26
1.07
1.82
4.36
1.43
1.02
1.14
3.1
2.98
1.7
3.59
3.97
1.97
4.72
3.67
3.67
2.35
1.79
1.01
1.94
3.74
1.83
2.04
1.52
1.87
1.01
1.49
4.97
4.32
3.24
2.21
1.25
2.08
3.74
3.88
1.99
3.0
3.62
1.07
1.02
4.88
1.53
2.71
3.97
3.76
1.03
2.93
1.5
4.69
1.15
2.3
1.76
4.96
2.27
1.19
4.29
4.33
3.91
1.06
4.16
2.42
4.12
1.09
3.93
1.42
1.12
1.05
3.74
2.3
4.99
4.75
4.55
4.98
4.99
4.99
2.91
1.17
4.53
2.17
4.76
4.98
2.75
1.06
4.15
2.49
4.1
4.32
4.32
2.52
3.15
2.17
2.17
2.17
1.01
1.01
1.01
1.01
1.01
1.02
2.72
1.13
3.65
1.06
4.35
4.08
4.25
2.97
4.46
4.74
3.94
1.86
1.91
2.3
4.7
3.03
1.07
3.0
2.11
3.93
3.3
2.99
1.17
3.61
3.84
4.17
3.42
2.85
2.85
4.11
3.66
3.64
4.2
2.94
4.96
3.12
4.68
4.68
2.8
3.07
4.11
1.57
4.02
3.2
3.93
3.2
1.04
2.55
4.68
1.01
1.01
1.01
3.95
3.98
1.25
4.09
4.7
4.53
1.03
1.03
4.12
4.38
4.02
1.61
4.11
1.46
3.29
4.59
1.04
1.11
4.1
1.21
2.22
3.63
3.97
3.72
2.87
1.36
5.0
5.0
1.0
1.0
1.0
1.0
1.0
1.0
1.0
1.0
1.0
3.5
3.22
2.38
1.01
1.03
1.02
2.84
4.66
1.99
1.99
1.99
4.99
4.95
3.49
2.89
4.91
3.02
3.79
4.99
1.0
1.47
1.12
1.0
1.0
1.32
4.43
4.74
1.09
1.98
1.07
1.06
3.68
1.02
1.49
4.7
4.31
3.47
2.26
4.11
4.69
1.07
1.2
4.03
2.36
4.21
3.28
3.95
1.29
2.41
4.21
4.39
3.98
2.22
1.27
2.54
4.91
1.03
2.07
1.07
4.27
4.92
1.08
4.64
3.07
3.79
4.8
3.66
3.66
4.04
4.16
1.01
1.06
1.06
1.05
1.02
4.36
4.44
4.98
1.02
3.91
1.01
1.89
1.1
1.01
2.13
4.08
3.02
3.31
4.84
2.11
2.06
1.23
1.2
1.64
3.43
1.42
1.08
3.99
4.58
4.3
4.43
1.85
1.99
1.05
3.92
4.04
2.26
4.06
1.53
3.97
3.85
4.96
1.02
1.02
4.32
1.79
3.93
4.86
3.19
3.83
1.01
1.05
4.78
3.78
1.16
4.26
2.92
2.82
4.55
4.04
4.77
1.02
2.31
1.07
2.33
3.89
3.66
1.08
1.5
1.02
1.02
1.02
1.09
4.96
3.06
4.96
1.4
3.79
1.88
1.13
4.89
3.15
2.51
4.95
2.7
2.58
2.14
4.3
2.78
2.78
1.23
3.07
2.36
4.89
3.61
1.2
1.02
1.29
4.37
1.27
2.79
2.96
1.59
3.19
4.37
3.99
1.01
4.55
4.55
2.62
4.7
3.87
3.1
4.32
4.32
1.0
3.03
3.26
1.01
1.01
2.69
4.48
1.04
4.97
4.11
1.39
1.01
1.01
4.88
3.13
4.34
2.81
2.91
2.74
1.04
4.17
2.96
1.27
4.53
1.03
3.11
1.04
4.68
4.67
3.17
3.17
3.62
3.82
4.41
3.93
4.99
1.01
4.71
2.73
3.36
1.38
2.13
2.98
1.0
4.99
4.99
4.33
3.67
3.67
4.3
1.0
1.63
4.99
4.99
1.01
1.01
2.06
4.23
1.81
2.41
1.09
1.18
1.02
1.03
3.19
1.03
1.08
1.04
1.03
3.97
4.23
4.18
2.52
2.84
3.28
1.11
1.02
4.1
1.89
2.83
4.61
3.56
4.15
2.85
2.85
3.89
3.89
3.89
3.2
2.27
2.33
3.29
4.73
2.1
1.39
1.8
1.64
4.01
3.12
4.48
4.03
2.01
1.52
3.87
1.83
1.14
4.04
4.14
4.12
1.97
2.91
3.23
1.02
3.34
1.02
1.05
4.55
4.73
1.82
2.73
2.77
2.52
3.66
1.03
2.68
1.01
2.74
2.96
3.71
1.24
1.01
1.02
1.01
1.61
2.9
1.01
1.02
1.13
3.83
2.84
1.04
1.0
1.01
1.01
1.55
4.22
4.22
2.72
1.03
1.01
1.24
1.01
2.79
3.61
1.2
1.0
1.0
1.03
3.32
4.22
3.34
1.14
4.15
4.99
4.98
1.27
1.01
1.03
1.02
1.99
2.64
1.09
1.4
1.75
4.5
1.53
1.04
1.04
1.14
1.02
1.02
1.0
1.0
1.0
2.88
2.61
1.75
1.01
1.01
1.01
4.46
1.44
3.63
4.35
2.29
2.97
1.04
3.39
3.46
2.03
4.09
1.18
2.43
3.99
2.04
2.62
3.1
3.58
3.5
4.85
2.47
3.75
1.01
1.01
4.68
4.97
4.54
2.6
1.53
4.04
1.01
4.03
4.41
4.98
4.46
4.11
1.02
1.01
1.01
4.15
1.63
1.43
5.0
4.99
3.98
4.52
4.95
3.84
4.14
1.59
1.08
2.26
4.99
1.46
1.02
1.0
1.32
1.01
1.0
1.69
4.91
1.02
1.01
3.1
1.0
1.49
1.06
3.2
1.73
3.99
1.17
1.17
4.23
1.96
4.99
3.89
2.12
4.18
3.09
3.4
3.4
3.82
3.82
1.01
2.81
1.21
1.0
3.08
1.53
1.53
1.04
1.05
3.85
1.78
1.06
3.56
1.37
4.39
4.79
3.36
1.03
2.14
3.51
3.44
1.35
1.39
1.12
4.17
4.98
1.01
1.04
2.05
2.08
1.04
1.99
1.04
2.62
4.99
1.05
3.53
3.04
1.02
4.03
1.07
1.02
1.02
2.33
1.04
2.07
4.84
1.35
2.34
1.04
1.8
3.45
1.52
3.35
4.87
4.73
3.43
1.01
1.02
1.03
1.01
1.01
4.61
4.33
3.93
2.61
4.64
1.31
4.8
3.95
1.01
1.01
1.03
1.01
1.04
4.03
2.92
2.59
1.03
1.12
2.06
2.73
1.05
1.06
1.06
1.89
1.52
3.36
2.82
2.8
1.05
1.49
1.18
2.35
2.07
3.38
3.96
3.89
3.98
3.61
3.36
1.01
2.53
3.45
1.01
3.58
1.01
1.05
1.15
2.75
1.01
4.46
1.34
1.73
2.76
2.7
4.3
1.07
3.77
1.27
1.9
3.0
2.91
4.01
2.74
1.01
1.02
1.02
1.01
1.08
1.01
1.01
1.01
1.05
4.92
1.02
1.72
4.02
2.26
2.19
1.04
1.45
4.73
1.01
4.99
4.98
1.1
1.14
2.41
1.9
2.65
2.82
1.45
1.0
1.01
1.15
3.76
3.51
1.02
1.03
1.25
4.57
2.9
1.0
1.3
1.0
2.44
4.65
1.51
3.48
2.71
1.0
1.24
1.66
1.93
1.0
1.0
1.03
1.0
1.0
2.18
1.0
3.93
4.6
2.18
4.36
3.13
2.37
4.94
3.02
3.42
1.04
4.24
1.09
4.55
1.02
1.02
1.05
1.8
4.32
3.48
3.28
3.29
1.01
1.01
4.49
4.36
4.34
3.88
4.29
4.22
1.22
1.02
4.24
4.24
1.19
1.01
4.47
4.32
1.03
1.58
1.14
3.76
4.25
2.5
4.99
4.61
1.02
1.68
4.63
4.7
1.04
4.98
4.85
1.07
3.87
1.06
1.04
4.98
4.72
4.98
4.93
4.98
3.8
4.92
1.37
2.94
3.47
4.94
3.17
3.01
4.04
1.06
4.46
1.65
3.21
4.85
4.91
3.94
4.43
4.45
1.55
2.16
1.14
1.14
1.43
3.28
1.11
1.0
1.83
1.02
1.01
1.2
4.99
1.23
3.1
1.02
2.72
1.11
2.81
3.02
1.01
4.99
1.01
4.09
3.84
2.91
1.36
4.2
2.35
3.39
1.79
1.52
3.29
4.98
4.06
2.57
2.57
3.02
1.01
1.89
1.0
1.05
4.03
1.05
1.92
4.8
4.99
4.59
4.82
1.01
2.33
4.98
1.24
2.09
3.95
3.14
4.24
2.9
2.11
2.83
1.78
4.97
1.01
1.01
1.01
2.9
2.94
2.95
1.28
3.48
4.36
4.32
4.22
3.66
3.23
1.06
2.95
2.95
3.7
2.08
2.11
3.85
2.03
4.45
3.28
3.28
2.37
1.01
1.01
3.5
1.09
4.97
4.33
4.51
4.9
4.82
3.09
1.84
1.01
4.13
1.0
1.01
1.0
1.0
1.0
1.0
1.0
1.0
1.0
1.0
1.0
1.0
1.0
1.0
1.0
1.0
1.0
1.0
1.0
4.47
4.71
3.87
3.85
1.3
2.07
3.96
1.22
3.56
1.84
1.13
1.3
3.73
1.76
1.03
1.61
1.08
1.1
4.71
3.22
3.22
3.22
3.22
4.6
1.38
2.02
3.36
4.91
1.99
3.66
4.33
4.04
4.6
4.91
4.25
3.62
4.97
3.34
2.58
4.0
4.25
4.05
4.38
2.17
2.17
3.84
4.96
3.71
3.68
2.62
1.59
1.02
2.28
1.57
3.29
1.04
1.43
1.04
3.98
3.54
3.54
3.54
4.97
1.05
1.04
4.6
4.78
1.72
2.71
4.87
3.59
3.17
3.17
4.8
1.22
1.09
1.01
1.0
1.0
1.4
2.39
4.62
4.62
2.63
1.01
1.07
3.75
1.26
1.3
1.06
1.74
2.65
1.1
1.31
4.13
3.94
1.92
4.85
4.96
3.68
3.7
4.96
4.81
1.07
1.01
1.01
1.01
1.06
1.07
1.11
1.21
2.66
4.25
2.55
3.35
1.02
3.87
4.21
4.19
3.82
4.27
4.88
1.73
4.98
3.31
3.96
3.96
3.75
3.75
2.15
4.55
1.01
1.02
1.01
4.0
1.03
1.01
1.33
3.11
4.9
3.11
4.78
4.78
1.54
1.07
4.94
4.64
4.64
3.02
1.18
4.92
4.67
1.03
2.28
3.36
1.15
1.16
3.11
3.45
3.85
3.02
2.25
2.5
3.07
4.52
1.76
1.27
4.4
2.08
1.03
2.71
1.05
4.67
4.26
4.53
3.74
3.07
4.05
3.31
1.23
3.74
3.75
3.08
3.79
3.27
3.55
2.63
4.0
4.3
2.85
4.4
4.43
1.09
4.99
3.27
2.51
2.21
4.99
4.26
2.2
4.99
4.75
4.75
2.47
3.95
4.5
1.03
1.79
2.24
2.23
3.4
4.55
4.45
4.45
3.94
3.71
2.06
3.87
1.01
4.18
2.61
2.61
2.17
1.38
2.15
3.21
1.06
3.13
1.46
1.03
3.38
4.1
3.44
2.94
1.46
2.09
3.38
4.25
3.13
3.05
2.79
1.04
1.42
3.64
1.49
3.01
1.06
1.03
1.99
1.1
1.09
2.24
2.64
1.17
1.97
1.03
1.03
1.04
2.82
1.05
1.5
1.81
2.9
3.64
3.04
1.94
1.15
3.36
1.97
1.11
4.67
4.49
3.79
2.9
1.84
1.91
3.03
2.23
3.38
3.09
4.05
2.77
3.84
3.02
4.9
2.27
4.4
4.33
4.94
3.05
1.88
4.99
1.85
1.88
2.92
3.79
4.64
4.0
4.07
4.08
1.86
3.51
3.51
3.55
2.49
2.07
1.67
1.35
1.65
1.0
2.63
1.01
1.01
1.94
1.0
4.71
1.0
1.01
4.66
1.56
1.16
1.06
1.1
2.31
5.0
1.02
1.02
3.95
1.01
3.86
4.92
2.04
2.47
3.59
4.48
1.26
4.95
3.91
1.04
2.18
3.46
4.03
3.81
3.68
1.06
1.45
1.98
1.03
4.12
4.91
3.44
4.95
2.05
1.03
2.92
1.35
3.07
2.7
1.23
1.01
1.01
1.49
1.02
1.01
1.02
4.42
4.45
4.42
5.0
4.99
4.99
3.67
3.86
5.0
1.42
1.0
3.0
1.07
1.0
1.23
2.45
1.01
1.01
1.02
2.56
2.56
2.56
2.56
3.9
1.0
4.05
4.98
2.73
4.95
4.77
3.09
3.09
4.47
4.96
1.01
1.85
2.77
2.94
3.78
3.07
3.35
3.92
3.54
2.33
2.33
3.08
4.78
5.0
3.92
1.81
1.81
1.07
4.77
3.85
3.85
3.4
5.0
1.98
3.2
1.59
1.84
1.48
1.36
3.06
1.31
2.61
2.45
3.75
3.88
2.18
2.05
1.88
1.58
4.99
4.68
4.13
4.6
2.85
3.29
1.68
4.73
3.74
1.1
4.5
4.97
1.01
3.56
1.29
3.77
4.2
4.82
2.69
1.19
1.09
2.67
4.08
2.4
4.1
3.4
3.19
1.65
3.67
2.55
2.02
2.0
1.01
1.38
1.46
1.03
2.92
1.03
1.08
1.17
1.12
2.02
2.99
1.82
4.71
3.46
1.02
1.03
4.14
1.02
3.24
4.18
4.03
4.39
1.39
3.81
1.22
2.7
2.7
2.63
3.33
4.45
2.36
4.66
4.64
3.77
1.03
1.01
2.02
3.25
1.0
1.16
2.66
2.39
1.14
3.31
2.74
3.37
3.45
3.92
1.28
1.47
1.93
1.01
1.01
1.03
4.35
3.18
4.09
4.31
4.84
3.17
3.31
3.28
2.1
1.32
4.13
3.53
1.07
2.65
1.91
4.84
3.76
3.33
4.08
1.76
4.95
4.26
1.2
2.02
2.58
2.65
1.69
1.02
4.99
4.28
3.83
3.96
4.95
2.5
1.09
1.03
1.65
3.65
3.53
2.01
4.98
4.63
2.22
2.22
3.18
4.99
3.88
4.16
4.16
3.74
4.74
3.29
3.78
4.02
4.02
4.27
4.65
4.77
3.86
4.01
4.0
4.0
4.0
3.49
3.55
4.77
3.3
4.41
1.93
1.46
1.03
1.01
5.0
1.03
1.0
1.21
1.0
1.01
1.43
4.11
2.03
1.17
3.38
1.06
1.47
1.29
2.58
1.14
1.0
1.39
3.93
2.53
1.0
2.97
2.33
3.31
3.2
1.07
1.11
4.98
1.41
3.94
1.03
3.93
1.02
4.98
4.93
3.17
1.83
1.06
1.05
4.36
4.86
1.03
3.92
4.95
1.02
1.87
3.7
4.9
1.38
3.14
2.72
3.22
3.67
5.0
1.67
4.78
4.78
3.67
4.67
4.99
2.64
4.33
1.0
1.0
1.0
1.0
1.67
2.33
1.67
4.26
2.66
4.17
4.99
4.65
4.03
4.99
1.0
1.37
1.52
1.0
1.03
1.01
4.84
4.8
1.41
1.92
2.8
2.36
1.58
4.58
3.95
4.22
2.62
3.64
4.74
2.63
1.05
1.06
2.86
2.22
4.86
4.86
2.09
3.27
3.38
4.76
3.64
3.43
4.99
3.98
2.47
1.01
1.0
1.01
1.03
1.01
3.33
1.0
2.41
2.07
2.07
1.96
4.97
4.01
1.04
3.72
1.04
1.04
4.35
1.05
4.87
2.96
4.8
4.77
4.08
4.67
3.86
1.02
1.41
2.48
1.56
3.8
1.99
4.24
3.98
4.45
1.52
1.09
1.79
3.93
1.86
1.32
1.1
3.66
3.6
4.21
3.05
2.75
1.08
4.4
1.74
1.03
1.36
1.11
4.14
4.4
1.0
1.0
1.0
1.01
1.01
3.79
4.16
3.44
4.6
3.42
4.96
2.55
1.48
3.82
4.22
2.23
1.05
1.02
4.0
3.38
2.86
3.82
1.02
1.02
1.02
4.34
3.2
1.23
1.04
4.77
1.99
1.02
1.06
1.0
1.0
1.0
1.0
3.77
5.0
4.45
5.0
4.99
2.27
2.27
4.21
4.21
4.11
3.16
4.99
4.99
4.18
4.18
4.97
2.18
1.0
1.0
2.21
1.0
1.67
4.02
1.05
1.0
2.71
1.27
1.29
2.62
1.12
1.0
1.0
1.51
1.16
3.23
1.24
1.01
1.11
4.34
3.43
1.01
4.86
1.01
1.89
1.01
1.63
2.46
1.01
4.88
1.18
4.98
4.64
3.96
3.49
2.13
3.03
1.01
1.04
1.02
1.01
2.07
3.21
4.31
1.02
1.27
1.07
1.11
2.42
1.24
2.37
1.12
1.53
1.29
4.95
1.39
1.09
1.02
4.09
3.63
4.52
4.09
3.29
4.9
3.64
4.96
3.93
1.01
1.02
4.98
2.35
1.02
1.06
4.48
4.14
4.17
4.02
1.52
4.52
4.51
4.72
4.85
1.05
1.06
1.02
4.91
4.98
4.98
4.5
1.0
2.53
2.13
1.2
1.0
1.0
1.0
1.06
1.0
1.0
1.01
1.01
1.0
5.0
4.33
1.22
1.32
1.01
3.9
4.43
1.8
3.34
1.01
1.02
1.8
2.38
1.09
1.05
3.68
1.28
4.09
1.84
1.18
1.02
3.47
4.06
3.27
1.08
4.59
3.1
1.99
1.02
1.02
1.5
4.99
4.33
4.33
4.33
4.33
2.29
2.91
4.32
1.09
2.33
2.33
1.0
1.0
1.28
3.7
4.35
3.58
3.14
4.41
1.05
2.75
1.0
1.81
4.67
1.2
1.0
1.38
3.28
1.92
1.0
1.4
1.84
4.89
4.92
3.78
1.02
4.28
2.98
4.97
1.11
1.01
2.53
4.55
3.08
4.05
3.16
3.02
3.95
3.03
2.1
2.8
4.24
1.01
1.23
3.67
2.12
4.56
4.9
3.15
1.29
1.16
3.95
1.06
4.87
4.9
3.26
1.3
4.05
1.91
1.91
3.78
4.99
3.55
2.94
3.46
4.99
3.39
1.5
3.02
3.05
1.01
4.61
4.63
4.36
4.36
4.36
4.36
3.29
3.03
3.03
2.84
3.45
3.74
3.55
3.65
4.42
4.59
1.04
1.02
1.01
1.82
3.59
1.14
3.07
1.28
1.49
1.18
4.01
4.24
4.97
2.85
2.06
2.94
1.04
2.76
1.23
1.23
2.34
1.03
1.53
4.74
3.41
3.97
3.3
4.21
2.75
3.81
3.5
3.5
3.99
3.99
3.99
2.04
3.98
3.41
3.63
2.53
1.26
3.0
2.84
2.0
1.91
2.07
4.1
1.61
2.78
1.9
1.68
2.33
2.43
3.18
2.86
1.9
1.01
1.69
2.67
1.01
2.25
1.55
1.0
3.98
3.6
3.78
3.17
1.02
1.39
3.1
2.77
2.83
4.15
4.01
3.88
2.76
1.03
1.21
3.75
4.29
4.01
2.09
4.32
4.9
4.41
4.35
2.03
1.34
3.71
1.01
1.01
1.01
1.01
1.01
1.01
1.01
2.7
4.64
2.0
3.31
2.57
1.64
4.19
3.75
4.34
4.63
3.72
4.18
1.01
1.39
1.03
1.67
1.02
4.21
4.08
4.32
4.24
4.23
4.23
3.66
4.17
4.17
1.06
2.33
4.29
2.19
4.03
1.26
1.72
3.21
1.05
3.97
2.09
4.95
4.06
4.23
3.12
3.23
4.95
1.23
4.19
4.92
1.06
4.3
2.29
2.98
1.35
1.08
1.03
1.01
2.98
1.38
2.01
3.97
1.19
3.72
3.76
1.02
1.0
2.75
1.13
1.31
1.25
2.57
2.57
3.34
3.91
3.5
1.07
1.02
2.07
4.68
2.69
1.93
2.21
1.21
1.03
2.76
4.98
4.85
1.25
3.39
4.01
1.03
1.18
1.04
2.09
3.6
3.6
1.32
2.99
1.39
1.13
4.32
4.25
1.1
2.13
4.17
1.94
4.31
4.91
4.99
2.29
3.9
2.48
2.41
1.47
2.71
4.99
4.99
4.97
2.81
2.34
4.99
4.99
4.57
4.88
2.58
2.58
4.98
4.98
3.9
1.0
1.17
1.0
1.0
1.45
1.04
2.32
1.4
1.68
2.11
2.11
4.92
3.1
2.12
1.02
1.51
1.51
3.81
4.08
1.86
2.75
1.31
4.44
4.57
4.33
4.22
3.47
1.38
3.99
2.91
2.49
1.15
1.98
4.07
2.02
2.67
3.42
1.52
2.53
3.87
4.1
1.02
1.02
1.53
1.02
3.86
1.05
4.14
3.32
3.32
1.03
4.2
1.09
4.98
4.94
4.47
3.96
2.64
3.03
2.72
1.22
3.22
1.01
1.54
1.2
1.4
2.61
2.17
1.0
1.0
1.0
1.0
3.74
4.31
4.13
4.37
4.61
4.56
4.45
1.22
4.66
3.28
3.05
3.25
1.93
2.93
2.68
2.9
1.21
1.25
2.88
3.16
2.2
3.94
2.18
4.6
4.21
1.07
1.15
3.17
1.78
2.91
1.59
3.02
1.83
3.72
3.4
1.42
2.8
2.76
2.79
1.87
1.06
1.09
3.19
3.93
1.03
2.03
2.45
4.48
1.03
2.18
4.46
4.63
3.28
3.76
1.99
3.19
1.81
4.79
3.03
1.67
4.96
1.03
3.66
5.0
1.01
1.79
2.33
1.01
1.0
1.0
1.0
1.01
1.01
3.68
3.68
4.32
4.99
1.0
1.0
1.67
1.0
1.0
1.0
3.92
4.93
3.13
1.11
2.99
4.4
4.37
3.39
2.85
1.04
3.18
1.01
1.34
1.01
4.71
4.37
3.29
3.98
2.07
2.07
1.24
1.01
1.41
1.41
4.95
4.74
2.03
1.15
1.06
1.05
4.28
4.16
4.02
4.08
4.04
3.66
4.07
4.97
3.56
4.18
4.29
2.55
4.14
3.81
2.88
4.25
4.96
4.27
4.75
3.98
3.65
3.36
3.95
3.61
3.79
3.29
1.09
2.26
1.58
1.07
1.49
3.64
3.85
4.72
3.81
3.29
4.98
2.1
1.8
4.0
1.4
2.91
4.42
1.07
2.1
1.02
2.9
3.23
4.8
4.8
4.35
4.35
4.35
4.33
1.01
1.01
1.04
3.24
3.24
3.03
1.96
4.02
1.11
1.3
4.45
1.12
4.78
4.78
4.05
4.7
3.45
4.93
4.85
3.05
1.61
4.79
4.59
2.0
4.86
4.51
4.92
4.39
4.07
4.83
3.76
2.92
1.05
3.55
3.39
3.85
3.59
3.59
3.9
3.9
3.22
1.0
2.2
1.97
1.97
4.69
2.74
2.68
2.38
2.76
2.76
4.07
1.8
1.04
2.83
1.12
1.0
3.16
1.85
2.48
1.34
2.39
1.0
1.0
3.28
2.58
1.67
4.03
4.39
1.01
1.01
1.01
1.92
4.95
1.35
3.51
2.7
4.79
1.09
1.06
4.21
4.67
4.08
2.76
1.74
4.02
3.92
4.33
1.58
1.21
1.29
1.47
1.05
4.31
1.02
1.06
4.95
3.18
4.14
3.79
4.36
1.0
1.0
1.67
1.52
2.9
1.0
1.0
3.19
2.23
2.74
3.79
3.98
1.82
1.04
2.29
1.07
4.97
1.02
1.02
1.02
3.44
1.22
4.86
1.12
2.88
4.11
4.78
2.06
3.98
2.47
4.31
3.13
2.03
4.5
2.95
1.81
4.45
4.05
4.73
1.02
1.02
4.41
4.99
3.52
4.94
4.53
4.53
4.53
1.15
1.6
4.91
1.5
3.59
1.05
1.36
1.38
1.01
1.89
1.92
4.99
1.01
1.37
1.01
1.04
2.54
2.62
4.87
4.25
4.35
4.64
2.84
4.95
4.69
1.64
1.64
3.02
1.71
2.2
1.0
1.18
2.15
2.15
1.0
1.06
1.0
1.59
1.29
1.0
1.63
1.0
1.01
2.58
1.0