5.0
4.33
5.0
5.0
5.0
1.01
1.01
1.0
1.77
1.59
1.0
1.01
3.48
1.04
4.05
4.95
1.37
1.04
2.07
1.23
1.08
4.34
1.04
2.89
3.82
1.16
4.81
2.91
1.0
2.53
1.01
1.05
1.12
1.01
3.42
4.98
1.03
1.04
1.05
1.05
1.0
1.0
1.0
1.0
1.0
1.0
1.0
1.0
1.0
3.19
4.23
1.43
1.6
4.92
3.99
3.55
2.44
2.44
3.91
3.66
4.59
3.68
4.5
3.2
5.0
2.61
2.57
3.36
3.7
3.29
4.9
3.03
3.87
1.01
1.78
3.28
1.94
1.0
1.09
3.3
1.02
1.53
3.17
4.68
3.27
1.13
1.75
1.7
3.13
1.42
1.3
1.0
4.61
1.12
2.89
3.91
5.0
5.0
5.0
4.99
1.53
1.03
3.89
2.66
2.2
4.32
1.5
1.23
3.27
3.99
3.43
1.14
4.98
3.14
3.14
4.8
3.23
2.87
3.22
4.94
4.99
3.7
2.9
4.44
1.4
2.8
4.24
4.11
3.09
3.12
1.02
1.05
3.52
3.93
1.01
3.51
1.02
1.01
1.01
3.05
2.42
1.01
1.01
1.2
4.74
4.74
4.78
4.78
1.54
3.01
4.5
1.98
4.09
1.59
1.24
1.01
1.01
1.01
1.01
1.03
1.35
1.03
2.72
2.21
2.53
1.28
1.05
4.79
4.56
1.03
2.66
4.37
2.94
1.02
2.01
1.05
2.58
3.11
3.25
2.49
3.83
2.71
1.91
1.39
2.39
3.72
4.4
4.4
3.75
3.49
3.97
4.98
3.65
4.37
4.37
3.74
3.74
2.88
1.0
3.21
1.01
1.0
1.0
1.0
1.0
1.0
1.0
1.0
4.32
4.86
3.49
2.12
4.05
1.46
3.55
3.5
1.02
1.02
2.19
3.96
2.81
3.88
2.44
4.9
3.05
3.84
4.63
1.05
1.31
3.17
3.6
3.96
1.17
4.39
4.86
3.91
1.02
1.01
4.36
2.02
4.42
4.59
1.14
2.52
4.32
3.09
1.02
1.02
1.67
1.07
1.69
3.62
1.33
1.01
1.88
1.63
1.11
3.67
4.99
4.98
4.6
4.36
3.88
5.0
4.35
4.36
3.0
4.72
5.0
4.94
4.94
2.51
2.51
1.0
1.0
2.3
1.0
1.0
4.97
1.0
1.0
1.66
1.0
1.61
5.0
1.0
1.0
1.46
1.0
1.0
1.69
1.18
1.18
1.51
1.0
1.64
1.0
1.0
1.63
1.0
1.0
3.19
1.0
1.49
4.34
3.34
4.97
4.24
1.14
1.05
2.23
2.03
1.0
1.01
3.39
1.58
1.0
1.33
1.01
1.25
2.93
2.63
1.1
1.34
4.01
4.12
4.12
3.46
2.01
3.84
4.38
3.57
1.66
4.22
4.79
2.03
1.01
1.01
3.3
4.82
4.34
1.0
1.0
1.0
1.0
4.86
4.95
4.95
1.01
2.89
2.89
1.02
2.25
1.01
1.01
1.41
4.49
4.32
3.19
3.36
1.37
1.26
1.1
1.06
3.12
3.98
1.9
3.76
3.76
1.4
3.16
1.3
4.16
1.17
4.89
4.13
3.32
1.03
3.47
3.47
1.27
4.97
4.95
1.72
1.03
4.78
2.23
4.01
2.25
1.05
3.55
3.55
4.88
4.54
3.36
3.94
3.94
4.08
3.89
3.11
3.65
3.71
4.12
2.97
2.18
3.19
1.98
3.12
1.0
2.85
4.1
3.83
2.77
2.83
1.4
3.07
2.94
4.1
4.97
1.02
4.66
1.02
2.72
2.72
4.47
1.02
1.98
3.48
4.45
3.62
1.52
1.98
1.12
1.02
1.02
1.02
1.0
1.0
2.29
2.34
1.01
1.01
1.91
2.51
4.25
3.08
2.18
2.79
2.15
2.48
4.72
2.47
2.69
2.48
4.16
3.1
1.2
2.68
1.76
1.08
1.77
1.1
3.88
2.25
3.11
3.55
1.94
1.48
3.49
1.17
1.46
2.38
4.0
4.93
4.93
2.69
5.0
4.33
5.0
5.0
5.0
5.0
1.8
1.0
1.78
1.0
1.0
5.0
4.61
4.99
5.0
4.96
5.0
4.94
3.96
1.06
4.59
4.04
4.97
1.0
1.59
4.99
4.76
4.24
4.31
1.55
1.03
4.97
4.97
4.31
1.02
4.04
1.3
4.79
1.01
2.58
2.53
1.33
4.91
4.97
4.96
1.01
1.06
4.73
3.11
3.92
4.59
1.93
3.95
2.74
2.5
1.02
1.01
1.07
4.58
1.01
1.01
4.33
5.0
4.33
5.0
5.0
1.0
1.0
1.0
1.0
1.0
1.0
1.0
1.0
4.83
4.04
1.0
1.0
1.17
1.0
2.69
4.52
4.05
2.86
1.0
4.14
1.31
4.54
1.97
2.84
4.11
4.72
1.89
4.66
3.97
4.31
3.42
1.04
1.16
4.43
1.31
3.63
1.75
3.81
2.1
3.73
3.59
1.96
1.63
3.82
4.87
4.43
4.83
3.06
4.98
3.11
1.45
1.05
1.04
3.83
4.1
4.1
2.7
3.44
2.86
1.14
1.79
2.48
3.98
3.62
3.41
3.37
1.39
1.01
1.01
2.82
2.02
1.06
4.97
4.11
1.21
4.87
2.16
4.25
4.96
4.96
2.34
1.0
1.0
4.72
1.01
1.74
3.66
2.58
1.01
1.25
2.27
2.32
3.57
1.57
1.57
3.57
3.57
3.51
3.69
1.13
3.21
3.99
1.0
3.67
1.01
1.0
3.54
1.02
2.58
3.27
1.07
1.07
4.23
4.67
1.18
3.95
1.12
4.81
1.03
3.29
3.95
3.5
3.5
4.16
2.29
3.03
1.04
1.03
3.7
1.05
2.77
4.87
4.92
1.43
3.24
2.44
2.44
2.56
2.56
2.93
2.08
4.07
2.97
1.05
1.97
3.55
1.04
2.09
1.81
1.0
1.76
1.0
1.09
1.02
1.65
3.33
1.58
1.0
1.43
4.95
1.0
1.89
1.04
2.06
2.81
1.25
1.4
1.13
1.18
4.99
3.72
2.01
2.3
2.3
4.99
1.75
1.75
3.24
3.24
4.33
1.69
1.01
1.64
1.95
1.66
4.99
4.99
1.01
1.0
1.0
1.01
4.13
3.03
3.43
1.92
1.69
2.0
1.79
2.96
3.99
3.99
4.15
4.6
3.01
4.85
3.36
2.29
1.03
3.15
3.7
4.99
3.64
1.08
3.22
3.5
4.75
4.75
4.0
1.02
1.89
1.01
1.04
2.84
1.58
1.01
3.68
3.83
4.5
3.95
1.05
4.88
4.83
2.44
1.25
2.35
4.26
2.3
1.71
4.1
1.23
2.53
1.18
3.76
1.26
3.22
4.15
3.6
3.99
1.0
1.0
1.0
4.17
4.87
1.77
1.04
1.37
1.03
3.97
3.35
3.88
4.8
2.06
2.25
3.88
3.96
1.33
4.29
4.53
1.03
1.11
3.57
3.85
4.38
1.02
2.03
2.03
1.69
1.01
1.01
1.05
4.01
1.02
1.01
4.05
1.08
4.32
4.22
1.09
2.47
2.96
3.95
3.03
4.69
4.91
1.04
1.02
2.92
1.22
2.34
2.87
3.88
4.16
1.23
1.06
1.83
1.15
1.08
1.01
1.01
4.45
4.58
3.36
4.91
4.6
4.29
3.36
2.51
2.51
1.2
2.59
3.09
1.04
1.08
1.03
1.15
3.27
1.08
3.41
2.13
1.03
4.99
4.07
4.9
4.9
4.29
4.14
1.01
1.01
1.0
1.01
1.07
1.51
3.25
1.23
1.02
1.03
1.02
1.02
1.22
3.11
1.03
1.04
1.04
1.02
1.04
1.04
1.02
2.3
1.0
3.64
1.01
1.0
1.28
1.1
1.0
1.0
1.0
1.01
3.21
3.13
1.23
1.97
4.18
4.73
4.73
1.46
2.47
4.71
5.0
4.74
2.49
3.64
5.0
4.68
4.59
2.32
2.29
4.99
3.8
5.0
3.17
4.69
3.95
2.91
4.09
4.98
3.57
3.61
2.02
4.55
4.72
4.85
4.85
3.46
3.39
3.66
3.18
2.81
1.02
1.01
3.89
3.46
4.08
2.56
1.93
1.05
4.33
1.97
1.0
4.33
3.57
2.68
3.21
1.75
1.82
1.38
4.86
3.54
2.95
3.39
2.46
2.6
2.33
1.8
1.86
1.44
2.38
2.04
1.75
2.03
4.66
4.28
4.97
1.06
2.19
2.55
4.35
2.87
1.01
1.0
1.01
1.0
4.22
3.22
2.99
3.97
3.25
1.28
4.87
4.9
2.73
2.94
1.29
2.94
2.99
1.08
4.02
2.27
1.0
1.0
1.0
1.0
1.0
1.0
1.0
1.0
1.0
1.0
1.0
1.0
1.0
1.0
1.0
1.0
4.79
4.03
1.12
4.14
2.8
1.11
1.05
2.62
1.0
1.0
4.62
4.69
3.75
4.8
2.76
3.78
4.71
4.34
5.0
4.07
2.58
4.4
4.63
3.3
3.54
4.17
1.95
5.0
4.98
4.25
4.13
4.4
4.4
2.3
4.91
3.9
4.86
1.07
1.37
3.83
1.2
1.05
1.0
1.01
5.0
2.38
1.0
1.01
2.06
1.18
2.98
4.92
1.0
2.21
4.01
3.27
3.87
1.93
1.44
2.95
1.97
1.08
4.81
4.85
4.83
4.71
4.51
3.69
4.99
4.33
3.97
5.0
3.38
4.52
1.67
2.73
3.0
2.55
2.98
4.99
1.0
1.0
1.02
2.84
3.38
1.08
2.01
1.0
1.0
2.53
1.0
2.83
1.0
4.69
3.09
4.99
4.32
4.24
2.42
1.46
4.01
2.79
4.53
4.34
4.22
3.0
3.2
1.79
1.21
2.26
1.0
1.0
1.0
1.0
1.32
1.04
1.09
1.15
1.16
2.41
2.26
1.11
4.44
4.61
1.82
2.32
1.47
4.16
4.45
4.0
4.54
1.05
4.47
2.48
3.02
2.67
4.1
4.75
4.88
1.04
1.04
2.94
1.04
4.02
1.35
1.31
4.32
1.34
2.75
1.44
1.08
4.77
4.97
3.33
3.33
1.03
2.23
4.98
2.65
3.05
1.05
1.01
4.97
1.08
4.03
1.52
4.01
1.02
1.02
4.54
3.73
1.81
4.96
3.77
2.28
4.43
2.87
2.09
4.96
4.96
1.08
2.09
1.09
4.72
4.98
1.01
4.48
1.23
1.37
1.22
1.01
3.95
4.9
2.08
2.2
3.31
2.31
4.38
1.04
1.05
1.01
4.2
1.72
4.94
3.25
3.19
3.06
4.48
4.54
4.19
3.94
3.94
3.89
3.89
2.41
3.78
3.28
3.3
1.53
4.99
1.52
3.79
3.17
1.17
1.64
1.01
1.06
4.05
1.95
3.02
4.95
1.69
4.73
4.03
4.19
3.77
2.87
4.98
4.07
4.67
1.62
1.72
4.73
1.97
4.98
4.92
3.33
3.25
4.93
1.28
3.63
2.38
3.53
3.48
3.76
3.4
4.58
1.94
3.75
4.86
3.3
3.65
3.88
2.3
2.01
1.41
2.78
1.89
3.62
3.93
4.51
4.92
4.27
1.69
3.95
4.35
1.03
4.15
2.82
3.9
4.61
4.08
3.84
1.03
1.3
4.26
4.74
2.77
1.37
1.4
4.75
4.2
3.17
4.39
1.01
1.01
1.03
1.01
2.2
2.15
2.15
1.22
3.58
3.8
4.77
1.09
2.72
3.56
2.09
4.82
1.02
1.02
1.93
2.54
4.63
3.09
3.58
4.16
4.38
3.47
4.01
4.56
2.41
2.36
4.94
4.1
3.06
3.84
2.86
2.17
3.96
2.4
3.65
2.67
2.67
2.55
3.23
2.13
1.04
3.04
4.11
1.68
1.68
4.03
3.59
1.25
1.84
1.49
3.88
3.88
1.23
1.95
2.64
1.15
1.01
2.77
3.02
3.76
1.76
1.04
1.14
4.25
4.25
4.94
4.39
1.06
1.02
3.26
3.26
1.02
3.13
3.1
4.8
1.28
1.08
4.99
1.0
4.99
1.01
1.01
1.0
1.33
4.69
2.8
1.36
4.02
3.77
3.17
1.81
1.43
3.02
1.25
1.02
3.1
1.92
1.78
4.31
1.09
1.94
4.24
4.87
1.07
1.1
3.41
4.31
4.96
3.73
3.73
4.06
4.06
4.69
4.32
4.32
1.01
1.02
1.01
1.01
2.74
1.36
1.15
1.1
4.76
1.15
1.01
1.01
3.62
1.01
1.01
4.31
1.23
1.87
1.74
4.66
4.71
3.28
4.91
4.99
4.54
5.0
1.8
2.22
1.0
1.01
1.92
1.01
1.01
4.18
3.68
3.68
2.45
4.86
1.01
3.66
4.03
2.37
2.37
3.59
1.07
2.63
1.01
2.99
3.01
2.51
1.28
4.77
2.92
4.7
4.51
4.99
5.0
5.0
5.0
5.0
1.01
5.0
5.0
5.0
5.0
5.0
5.0
5.0
5.0
5.0
2.35
2.35
1.01
1.16
4.63
5.0
1.03
3.0
2.73
5.0
3.03
2.12
1.02
1.04
1.1
2.98
1.8
1.04
1.18
2.12
2.35
1.28
4.66
3.73
4.89
1.02
1.02
1.19
4.45
1.01
1.01
1.01
1.01
1.01
2.5
1.07
3.4
3.55
3.79
2.28
2.88
4.93
4.99
4.86
4.01
4.57
2.89
3.91
3.9
1.98
1.01
3.81
2.84
4.5
4.98
4.18
3.42
2.77
2.11
4.1
2.09
4.87
2.03
2.01
1.02
1.08
2.58
3.5
1.01
2.16
4.91
2.12
3.9
2.66
4.7
3.01
2.32
2.45
1.02
1.75
1.71
2.3
3.13
2.31
2.31
2.31
4.91
3.3
3.37
4.79
1.68
3.57
4.83
1.49
1.01
4.49
4.87
2.32
3.21
3.77
2.18
5.0
4.69
2.54
3.88
3.48
2.99
2.26
2.26
4.54
3.86
3.86
3.86
3.86
1.0
1.01
4.97
1.21
3.41
4.53
3.7
3.7
1.01
2.45
1.01
1.0
4.9
1.4
2.89
1.21
3.59
3.29
1.21
1.08
1.06
1.11
3.87
1.93
3.62
4.38
1.85
3.08
3.44
3.44
3.92
4.32
4.99
3.6
4.48
4.27
4.1
4.1
4.59
4.35
4.79
4.39
2.55
1.02
1.25
1.79
1.04
1.77
1.02
3.73
2.04
2.27
2.13
2.13
1.01
2.25
1.81
1.52
1.94
1.89
1.02
2.92
2.43
2.23
1.02
1.35
1.02
1.01
1.01
1.01
1.01
3.66
1.5
4.09
3.0
3.66
3.43
4.96
4.96
1.02
1.02
1.01
4.18
3.11
1.98
1.67
3.92
1.03
4.43
4.59
1.75
3.57
3.53
4.53
4.97
2.09
2.88
1.27
1.02
1.48
2.72
1.11
4.9
1.02
1.02
4.87
1.62
2.91
4.69
3.08
3.52
4.32
1.69
4.84
1.02
3.92
4.87
4.05
3.2
3.81
1.16
1.84
4.44
3.41
4.77
1.02
1.03
1.01
4.68
2.31
1.59
3.06
1.95
4.57
2.15
1.23
2.03
4.04
2.46
3.22
4.19
4.08
4.05
1.47
1.23
1.76
1.96
4.6
4.92
4.86
4.26
3.93
3.59
4.73
1.04
3.71
1.01
2.16
4.94
4.49
3.1
3.68
3.11
4.96
1.36
4.57
3.1
4.47
2.37
4.88
2.92
1.75
3.91
2.65
1.81
4.97
4.29
1.5
4.85
4.67
4.5
3.54
4.99
4.47
3.78
4.64
3.88
4.07
4.51
4.35
4.05
2.74
3.36
1.0
1.01
2.72
2.14
1.01
1.07
1.71
2.87
1.67
1.75
3.79
1.47
2.72
2.28
2.71
2.68
4.96
1.3
4.2
1.1
4.97
3.09
4.95
1.01
1.01
3.86
1.55
3.2
1.16
2.25
2.2
2.38
2.38
1.01
1.03
1.24
1.51
3.41
3.39
3.69
4.29
1.89
4.92
4.83
3.55
3.57
1.11
2.43
1.26
4.88
3.21
3.85
4.02
3.8
4.54
1.2
4.08
1.39
1.62
1.03
1.14
3.36
3.7
1.27
3.74
1.29
2.36
3.73
1.74
4.71
1.01
1.01
1.0
1.0
1.0
1.0
1.0
1.0
1.0
1.0
1.0
1.0
1.0
1.0
4.86
1.12
1.04
1.01
4.97
2.12
1.01
1.05
3.79
1.59
4.87
1.78
2.99
2.07
1.06
1.06
2.05
1.07
4.04
4.34
4.34
4.3
4.83
2.69
4.2
4.94
3.71
1.02
1.03
2.42
4.97
4.98
1.86
1.91
1.06
1.08
2.63
1.03
1.01
1.02
3.74
2.0
4.37
3.79
3.78
4.7
2.76
2.75
1.99
4.17
3.84
3.17
4.18
3.44
2.54
4.0
3.83
4.06
1.64
1.34
4.34
4.27
4.46
2.83
3.8
4.33
2.92
3.62
2.58
3.85
4.67
2.76
4.87
2.86
4.32
3.31
1.7
4.99
1.42
4.98
2.51
2.07
1.01
3.17
1.05
1.72
2.85
1.03
4.95
1.11
1.1
4.83
4.78
3.95
4.15
3.61
1.01
2.56
3.67
1.0
1.03
1.68
1.01
2.38
2.78
2.48
1.0
4.58
4.1
4.76
4.95
4.92
4.69
4.99
1.29
1.01
4.24
1.01
1.01
4.01
4.24
1.01
4.69
1.01
1.49
1.06
1.88
4.59
4.98
3.95
4.47
4.47
4.47
1.26
1.04
4.77
3.97
1.02
4.91
4.97
3.09
2.7
1.09
1.38
3.45
2.69
1.03
1.06
1.22
1.02
3.86
3.3
1.06
1.03
2.94
3.22
3.99
2.7
1.13
4.75
2.4
2.83
1.76
3.88
1.81
4.03
4.93
4.79
4.79
4.18
4.89
4.17
2.25
3.04
2.96
2.73
2.45
4.87
3.21
1.01
1.12
1.01
4.89
4.98
4.98
1.54
1.01
1.02
1.03
4.01
3.7
1.03
1.03
4.78
4.55
1.24
1.34
4.23
1.04
4.91
2.84
1.01
1.02
1.02
1.01
1.67
4.36
4.65
4.12
4.38
2.09
1.66
4.77
4.81
3.19
3.17
1.11
3.42
3.15
4.97
4.95
4.14
4.18
1.26
2.72
4.11
2.81
3.47
1.11
1.32
1.96
4.18
1.44
4.89
2.06
1.86
3.82
3.98
1.06
1.22
1.22
1.09
1.06
1.0
1.0
1.11
1.08
2.23
3.08
2.58
4.47
1.16
1.05
1.1
4.1
2.12
1.39
2.13
4.68
1.22
1.69
2.21
2.33
4.38
4.71
3.35
2.98
2.99
3.14
1.32
2.83
1.13
4.29
2.25
3.36
4.36
4.72
4.72
4.72
3.93
3.67
4.07
4.87
4.97
3.34
4.78
4.41
4.36
3.68
3.05
1.33
1.94
1.67
3.75
4.09
3.29
4.03
2.95
4.28
1.76
3.31
1.31
4.75
3.69
1.01
1.01
1.01
1.31
4.62
3.87
4.07
3.29
4.76
1.79
4.62
1.27
4.09
2.64
4.2
2.52
1.57
4.69
2.95
3.59
2.82
1.51
3.32
2.51
2.1
1.27
1.0
1.0
1.0
1.0
1.0
1.0
1.0
1.0
1.0
1.0
1.0
1.0
4.94
4.66
1.88
1.01
4.28
3.27
1.81
3.98
1.07
2.3
4.67
1.63
3.32
2.86
4.97
1.35
3.26
4.46
1.59
4.01
1.02
4.77
1.9
1.02
3.12
1.05
1.03
4.41
3.11
1.02
3.22
3.71
1.22
1.77
1.04
1.67
4.75
4.04
3.01
4.97
4.76
2.99
2.64
4.98
4.69
2.88
4.89
3.44
1.58
3.23
2.57
1.0
1.01
1.01
1.0
1.51
1.0
4.3
4.15
3.07
3.89
1.15
4.74
3.24
2.67
1.66
2.99
3.33
1.1
1.0
3.87
3.42
1.0
3.83
3.9
3.44
1.26
1.05
4.68
4.03
1.03
4.04
1.04
1.92
1.02
2.58
4.08
4.92
4.11
2.31
2.76
3.66
1.43
4.97
4.09
1.01
1.01
1.01
1.57
1.01
2.87
1.12
3.83
3.58
4.98
1.1
1.06
1.31
1.02
3.47
4.3
1.0
3.74
4.66
1.05
4.52
2.78
1.03
1.02
1.07
4.69
4.9
1.22
1.15
4.96
1.03
4.85
4.4
1.24
3.28
4.75
2.87
4.14
4.14
1.0
1.0
4.01
4.01
4.57
1.0
1.0
1.0
1.18
1.64
1.64
3.22
3.38
4.75
4.93
4.96
1.02
4.96
4.16
3.86
1.94
3.88
2.98
1.67
4.33
4.08
4.6
3.59
3.59
4.41
3.67
1.01
4.93
1.01
1.84
1.44
2.24
4.18
4.15
1.01
3.6
1.04
3.94
3.16
2.06
1.02
1.0
1.87
1.0
4.21
3.28
3.18
1.32
3.63
4.44
2.02
2.02
4.32
4.21
1.05
1.25
4.18
2.59
4.46
3.97
4.65
3.31
1.32
1.02
3.03
3.92
4.89
4.05
1.28
4.36
2.44
1.31
3.84
4.14
2.66
4.9
1.9
3.91
4.81
3.91
4.13
3.96
1.05
1.12
1.13
4.85
4.32
1.61
1.06
4.41
4.91
4.75
4.97
4.93
4.55
4.94
4.95
1.06
3.69
5.0
2.02
3.42
4.14
2.5
1.75
2.37
2.37
2.94
4.94
4.89
1.02
1.06
1.11
3.99
1.86
3.15
2.17
4.85
4.85
1.01
1.31
1.31
1.01
4.31
1.09
1.07
1.13
1.05
1.27
3.52
1.48
2.36
4.35
3.46
4.74
2.82
1.03
3.48
4.05
2.19
2.24
1.56
1.34
4.62
2.89
1.17
2.0
4.49
4.87
4.12
2.41
3.93
3.9
1.06
3.63
1.81
3.66
4.7
4.51
4.96
4.98
3.92
3.97
1.06
1.61
2.81
4.32
2.63
1.13
3.94
3.64
4.66
1.15
2.29
1.04
1.98
2.11
4.07
1.01
1.01
4.02
3.34
3.34
1.17
1.05
4.09
4.09
4.06
1.03
3.89
4.84
4.31
1.02
3.99
1.02
3.77
3.14
1.05
4.66
1.66
4.64
3.87
3.68
3.46
1.78
2.94
1.06
4.75
1.25
2.03
5.0
5.0
5.0
4.33
1.0
1.0
1.0
1.0
1.0
1.0
1.0
1.0
1.0
1.0
1.0
1.0
1.0
4.84
4.84
1.01
1.21
1.01
1.01
3.49
4.33
4.48
4.48
3.55
2.89
4.85
2.23
1.01
1.04
3.02
1.01
4.3
1.0
1.01
4.12
1.07
1.01
1.02
1.02
1.14
4.7
3.52
1.14
3.45
2.56
4.63
2.36
4.28
4.34
4.2
1.61
4.05
1.37
1.42
2.84
1.98
3.97
4.98
2.54
4.97
4.96
3.02
1.02
2.35
2.25
2.92
3.87
1.03
1.51
3.72
4.63
3.55
4.16
3.37
1.01
1.03
1.98
3.98
4.1
4.41
1.03
1.42
2.69
3.67
1.49
1.63
4.72
4.47
1.17
1.01
1.01
1.07
2.42
1.05
1.31
1.54
4.68
1.31
1.92
1.71
4.87
4.82
1.08
4.15
2.76
4.32
3.6
4.44
2.57
3.92
3.92
1.09
4.24
2.26
4.24
4.5
4.96
4.96
4.32
1.01
1.02
1.02
1.79
4.98
3.13
2.67
3.49
3.49
4.95
3.54
3.04
1.91
4.14
1.59
1.43
3.83
3.83
1.02
4.4
2.95
3.04
4.06
4.89
4.13
3.01
2.65
3.47
3.45
1.54
1.17
4.97
1.04
4.92
4.1
4.96
3.8
2.18
3.02
2.08
4.89
3.78
2.2
1.03
3.1
2.01
3.33
4.21
4.2
3.06
2.33
4.3
1.59
3.69
1.89
3.88
1.02
1.22
1.02
4.3
3.85
4.22
3.18
1.67
4.98
4.55
3.49
3.32
4.7
4.98
2.44
4.42
4.42
4.42
2.72
4.32
3.3
2.77
3.72
3.69
1.09
2.82
2.82
1.0
2.12
2.15
2.49
1.01
4.83
1.01
1.27
1.13
1.01
3.11
4.94
4.22
4.22
3.71
4.1
1.08
3.58
4.11
1.01
3.73
1.38
3.66
1.01
4.84
4.67
2.91
1.85
1.07
3.68
4.72
3.76
1.17
4.4
4.78
4.87
4.21
3.82
3.82
3.82
3.93
4.06
1.0
2.36
2.75
1.0
3.36
2.98
1.0
1.0
3.67
1.0
1.0
3.57
1.0
1.01
4.99
1.01
1.01
4.99
1.01
1.01
2.39
4.18
1.03
2.08
3.54
2.84
2.7
2.28
1.03
2.42
1.55
3.2
3.19
2.45
1.87
3.28
1.18
2.66
2.47
1.96
1.02
3.97
1.82
1.91
1.88
4.83
2.19
3.78
2.21
2.69
1.02
4.28
3.04
1.03
1.02
1.19
1.34
2.95
1.02
1.01
1.02
2.74
3.04
2.97
1.75
4.48
2.42
1.58
1.78
1.78
1.09
1.76
1.01
3.82
2.06
3.31
3.83
1.16
4.28
1.75
1.03
1.07
1.05
3.66
1.01
4.05
4.5
4.16
3.19
2.47
2.47
3.22
3.22
3.22
4.02
1.55
1.55
1.55
1.55
4.33
4.22
1.03
1.01
1.24
1.06
1.06
1.34
1.5
2.14
1.06
3.32
2.26
2.44
4.03
4.03
4.03
3.97
3.29
2.01
1.01
2.99
1.56
1.04
1.5
3.79
2.29
1.05
1.23
4.33
1.08
4.88
1.04
3.78
1.02
1.41
1.02
1.0
1.0
1.0
1.68
3.01
1.02
1.01
4.96
4.35
2.14
1.39
3.49
1.44
2.11
3.46
3.46
3.52
2.03
2.91
3.46
1.03
1.01
2.47
3.5
1.01
1.01
3.18
4.98
1.05
1.03
1.23
4.32
5.0
1.14
4.52
4.99
4.99
4.97
1.01
2.72
4.12
1.05
4.15
5.0
3.23
1.83
1.0
1.25
3.39
3.39
4.84
3.38
2.96
4.87
4.5
1.0
3.98
3.98
4.99
1.44
1.53
1.96
1.01
1.4
1.38
2.67
2.56
2.14
1.05
4.45
4.39
4.51
3.41
3.78
1.2
1.22
4.04
3.06
3.11
4.33
4.81
4.59
2.0
3.31
4.25
4.21
4.7
1.05
1.03
3.94
4.22
1.04
1.03
3.8
4.58
4.99
4.6
4.99
1.02
4.87
1.07
1.02
3.75
4.03
1.31
1.35
1.14
1.02
3.67
3.67
1.04
1.04
1.91
2.06
3.97
3.14
1.03
4.45
3.12
4.05
1.02
4.3
2.84
4.12
3.43
1.29
1.02
1.02
4.14
2.37
3.17
3.46
2.53
1.03
3.93
1.05
2.12
2.37
1.87
1.09
1.15
1.9
3.76
1.02
4.58
3.95
3.25
1.88
1.98
3.24
3.38
3.62
3.62
4.71
4.71
3.97
3.61
3.36
2.89
4.18
3.45
1.01
2.48
2.33
1.9
2.86
1.02
1.02
1.09
3.4
2.64
2.55
2.55
2.44
3.73
1.28
2.52
1.31
2.63
2.9
2.86
1.27
1.16
2.44
1.05
2.91
4.01
4.01
1.19
1.01
1.42
1.77
1.01
1.01
1.01
3.27
1.03
3.87
1.02
3.14
1.02
1.04
1.01
1.02
2.69
4.4
1.06
3.99
4.29
4.71
1.01
1.02
2.52
4.5
4.94
4.71
1.82
1.01
1.01
1.01
1.66
2.75
4.26
2.46
1.0
1.08
1.02
1.02
1.2
1.4
1.09
1.01
1.01
4.66
2.2
3.79
4.82
3.19
4.43
4.99
1.0
1.19
1.01
1.12
1.0
1.0
1.01
1.04
1.2
3.17
3.12
4.94
4.94
3.76
2.84
1.83
4.24
1.88
4.55
2.85
1.02
1.18
4.91
1.02
1.02
4.32
1.25
1.58
4.04
1.02
1.01
1.01
1.01
1.01
1.01
4.18
4.76
4.12
4.36
4.14
4.81
4.97
4.24
2.16
3.97
3.97
2.22
1.04
1.02
1.45
1.09
4.41
3.78
1.78
1.29
4.97
4.97
2.02
3.0
4.61
1.07
1.11
4.01
1.25
4.52
4.99
4.62
4.54
2.67
1.3
4.12
4.99
4.99
1.15
1.01
4.87
3.03
4.98
1.01
1.01
4.98
1.01
3.14
2.81
3.72
1.06
1.07
4.95
4.05
2.12
3.05
1.82
1.16
2.79
3.17
3.72
1.79
1.39
3.35
1.11
2.12
1.46
1.6
1.11
1.07
4.99
1.0
1.0
2.72
3.84
3.84
1.41
3.01
4.77
4.92
1.1
1.37
2.83
3.74
3.75
1.53
1.76
4.53
1.72
3.48
4.01
4.01
4.01
4.99
3.09
4.75
4.75
1.0
1.0
1.01
1.88
4.22
2.37
4.72
4.99
1.01
3.25
1.14
1.11
1.02
1.01
3.18
2.14
3.1
3.05
1.79
2.51
1.04
2.35
1.02
2.95
4.96
1.64
4.07
1.01
1.01
1.01
1.01
1.01
1.01
1.01
2.92
2.91
4.97
4.98
4.97
4.36
3.54
3.23
3.23
4.33
2.4
1.37
2.69
1.56
2.99
3.15
3.39
3.85
2.05
3.57
1.37
4.7
4.05
3.97
3.97
1.05
1.05
2.57
3.96
1.04
2.41
1.01
4.33
4.51
4.9
1.0
4.13
4.13
1.0
1.01
1.01
1.1
2.58
1.02
1.0
1.0
1.0
1.0
1.0
1.0
1.0
1.0
1.0
1.0
1.0
1.0
1.0
1.0
1.0
1.0
1.0
1.0
1.0
1.0
1.0
1.0
1.0
4.97
1.99
4.65
1.01
2.78
3.53
2.01
4.02
2.91
1.91
4.04
3.35
4.62
3.67
3.0
3.45
3.98
3.91
4.04
4.17
1.4
3.36
1.07
2.16
1.1
4.19
4.27
1.99
2.75
4.97
1.11
1.25
1.51
1.02
1.04
1.87
3.23
4.8
4.33
1.05
4.96
2.81
3.53
4.91
4.0
4.0
2.92
4.69
4.69
1.26
4.38
3.98
3.5
4.81
3.0
4.41
1.03
1.04
1.01
1.73
1.01
1.05
2.63
1.25
4.2
4.2
1.08
3.19
2.65
1.02
3.38
1.41
4.96
4.27
4.9
3.35
3.35
1.93
1.93
4.8
2.72
2.72
4.14
4.76
1.97
1.97
2.86
4.62
4.59
3.67
4.26
1.08
3.39
4.28
4.11
3.91
4.93
2.3
2.73
1.96
3.98
3.01
3.08
2.81
1.78
4.49
1.39
1.03
1.02
2.89
2.06
1.08
2.42
2.66
1.31
1.32
2.21
3.87
4.82
1.34
4.96
3.5
1.11
1.73
3.91
3.96
4.55
4.55
4.55
3.88
2.93
4.94
1.69
2.13
1.01
2.08
3.78
4.57
1.53
1.54
4.94
1.04
1.33
4.67
2.1
4.21
4.08
3.62
1.64
4.19
3.49
1.24
3.37
1.8
2.88
4.08
3.23
4.55
1.52
1.61
1.06
2.31
2.96
4.08
3.69
1.08
4.14
2.36
4.85
1.17
2.24
4.08
4.25
4.1
4.84
4.84
1.36
1.35
2.29
2.04
4.6
2.38
3.0
3.7
4.54
4.09
4.59
4.9
2.65
1.39
1.41
4.87
4.04
2.23
2.23
3.01
3.71
2.42
2.9
1.04
1.07
1.01
4.81
3.83
4.2
1.06
3.26
1.5
4.06
1.83
4.15
1.88
3.37
2.86
3.7
4.02
1.03
4.64
2.46
4.92
4.89
1.04
1.89
1.06
1.51
4.85
4.03
3.69
3.92
1.04
4.11
1.84
4.17
3.47
4.54
3.5
3.93
1.17
4.7
1.68
4.36
3.36
4.1
3.37
2.08
4.36
3.86
2.74
4.59
4.37
1.27
1.96
4.33
1.31
3.06
4.93
3.13
3.48
2.16
4.99
1.86
2.2
4.91
4.91
3.51
3.51
3.22
3.55
3.15
3.38
1.07
2.49
1.22
2.16
2.02
1.76
2.07
1.09
1.65
1.03
1.05
1.79
1.0
1.01
1.01
3.68
4.93
3.96
4.11
4.97
3.02
3.24
4.67
4.97
3.88
4.32
4.89
1.08
2.88
1.67
4.74
1.15
3.42
1.17
4.43
4.58
2.89
1.84
3.95
2.6
2.69
2.29
4.73
1.02
3.06
1.94
4.76
4.84
4.24
4.8
2.95
3.91
3.91
1.81
1.9
3.08
4.27
4.25
1.72
2.18
2.25
1.32
1.01
3.04
2.07
1.18
1.8
4.69
4.69
4.56
1.11
1.01
1.01
1.01
4.98
2.06
2.35
4.99
3.82
5.0
3.57
3.57
1.0
1.0
3.5
1.0
3.0
3.0
1.01
1.0
1.0
1.0
1.0
1.03
3.37
3.37
3.37
1.02
1.0
1.86
2.56
2.56
1.01
3.9
1.15
3.89
3.11
3.92
4.33
3.09
2.09
1.79
1.01
1.85
2.68
4.74
3.78
3.34
3.27
3.35
3.92
2.77
4.0
3.29
4.1
3.78
3.17
4.87
2.08
2.0
5.0
4.82
4.82
3.57
2.74
1.24
3.83
1.19
1.01
3.12
1.37
1.62
1.6
1.84
1.03
1.06
3.07
1.01
4.68
4.68
3.83
1.74
2.37
1.76
4.4
4.08
4.4
4.66
4.8
3.18
3.21
4.91
3.99
1.14
3.95
3.95
4.81
3.23
1.02
4.85
4.87
2.05
3.96
1.04
4.33
4.5
1.04
4.09
4.38
4.21
2.43
2.44
4.03
4.03
3.6
1.01
4.19
2.55
1.26
3.12
2.76
3.42
4.92
4.1
3.47
2.56
2.24
1.14
2.86
1.25
1.02
3.46
1.01
4.03
1.2
4.05
3.6
2.23
3.37
4.84
1.38
4.98
4.98
3.33
4.91
3.23
4.31
2.99
4.66
4.94
4.69
3.73
3.22
3.64
2.5
1.39
3.52
3.25
1.04
4.72
2.94
1.0
1.15
1.08
4.91
2.68
1.6
4.22
2.83
3.02
4.6
4.61
1.01
3.14
3.65
1.94
1.86
4.6
4.54
4.63
1.98
2.24
4.85
1.01
4.92
2.01
4.34
1.59
1.01
1.02
1.77
3.23
1.01
2.85
4.03
1.17
3.33
2.02
2.18
4.36
4.3
1.75
4.24
3.91
1.48
1.08
3.5
2.02
3.36
1.02
4.99
4.99
3.76
4.22
1.17
4.31
1.1
4.39
4.39
3.63
2.01
3.87
2.22
3.57
3.05
3.85
3.85
3.29
4.83
3.11
3.84
4.65
4.65
4.02
4.02
3.91
4.52
2.56
4.95
4.92
4.0
4.61
3.49
3.55
3.55
3.55
4.77
4.56
3.3
1.0
3.85
1.81
2.05
1.19
2.28
1.55
1.21
1.2
1.01
2.82
1.0
4.81
1.01
1.16
2.56
3.04
2.07
1.02
1.55
1.31
1.11
1.37
1.0
1.01
1.0
4.55
2.06
1.1
3.97
2.48
1.0
1.64
1.55
3.2
4.24
3.09
1.03
3.95
4.44
3.53
4.05
1.04
4.03
4.98
1.83
1.72
2.85
2.97
4.94
4.78
1.08
1.08
3.33
4.97
1.46
4.63
4.74
1.03
1.03
3.33
1.08
1.66
4.92
1.06
1.14
3.4
1.03
1.74
3.77
4.95
1.82
1.3
1.62
2.88
1.2
2.73
4.08
2.13
1.97
4.48
4.63
4.65
5.0
4.67
3.0
4.33
1.65
1.0
3.27
1.03
2.34
2.94
1.0
4.96
3.86
4.86
1.15
1.06
3.16
3.16
3.63
4.99
4.94
4.99
1.01
2.96
1.01
1.24
1.21
1.0
1.01
2.13
1.0
4.84
4.84
4.61
2.92
4.04
2.91
1.54
1.02
2.92
1.82
3.24
3.73
4.28
3.21
1.44
1.02
3.13
4.39
3.85
1.54
4.24
1.31
2.88
1.02
4.89
4.39
4.99
4.99
4.73
1.24
1.09
1.01
1.03
1.51
1.03
3.22
4.08
2.15
1.1
2.2
1.07
4.61
1.12
1.45
2.59
4.86
4.21
1.04
1.08
3.0
2.02
2.22
2.42
1.36
1.01
1.03
2.98
1.22
4.06
1.87
1.79
3.13
4.53
3.92
4.7
1.18
1.87
1.02
2.24
4.15
2.1
1.0
1.0
1.0
1.0
1.0
1.01
1.01
1.01
4.75
3.95
3.95
4.28
4.43
3.45
2.29
4.37
2.27
3.37
2.78
4.85
3.38
1.08
2.57
4.5
1.71
1.02
1.02
1.02
1.02
4.16
1.03
1.87
2.47
1.03
1.16
2.27
1.02
1.03
1.0
1.0
3.7
1.57
3.32
3.02
2.27
4.99
4.18
4.18
3.3
1.35
4.97
5.0
5.0
1.0
1.0
1.04
1.0
3.38
1.39
1.39
1.0
1.0
4.28
3.58
2.92
1.0
3.97
1.0
1.0
1.0
1.44
1.51
1.51
4.93
1.01
3.55
3.66
1.23
1.89
1.89
1.01
2.61
2.61
4.71
1.09
3.49
3.49
4.4
4.09
1.04
1.04
3.2
2.15
1.01
4.66
4.25
1.84
4.88
4.94
4.41
1.04
4.18
1.03
2.83
4.83
4.55
3.29
4.31
1.04
1.09
1.03
1.44
4.79
3.92
4.94
2.53
4.98
1.45
4.53
1.18
1.02
4.48
4.85
4.02
4.94
4.16
4.94
4.52
1.12
2.56
1.15
1.41
2.87
3.93
3.12
4.91
4.98
4.98
4.79
2.77
1.0
1.0
1.0
1.0
1.0
1.0
1.0
1.14
1.0
1.06
1.06
1.06
4.96
4.99
1.01
2.16
1.22
3.9
3.9
4.04
3.01
2.94
2.17
4.94
3.44
1.02
4.1
4.56
4.12
1.65
3.54
1.02
1.02
4.99
2.91
4.32
1.0
1.0
1.49
1.0
1.0
2.33
2.33
4.8
4.21
1.47
3.95
2.9
2.47
1.01
3.39
1.0
2.13
3.42
2.63
3.49
2.37
1.33
3.61
1.75
1.94
3.78
4.02
3.83
3.83
4.64
4.32
4.32
2.73
2.99
4.9
4.16
2.55
2.92
3.01
4.79
4.28
3.66
2.65
4.98
4.24
1.03
4.29
4.79
4.92
3.09
2.22
3.02
2.27
3.15
1.3
1.04
4.05
1.91
4.59
4.7
1.01
1.48
2.21
1.01
1.62
1.65
1.01
3.07
4.62
4.94
3.03
3.45
3.43
4.42
3.95
3.95
1.31
2.45
1.03
1.01
1.19
1.48
1.01
1.13
1.45
3.63
1.01
1.91
1.01
1.01
4.63
4.42
1.25
1.03
3.58
4.78
1.83
2.29
1.11
4.77
1.68
2.23
4.74
4.74
4.99
3.41
3.3
4.21
4.74
3.5
4.05
3.79
3.99
3.63
3.63
3.98
2.49
3.01
3.07
2.66
2.69
2.89
1.65
2.77
2.78
2.94
1.89
1.0
2.33
2.85
1.0
4.79
2.03
1.41
1.32
1.05
1.02
2.21
4.26
3.94
1.95
4.35
1.87
4.78
2.29
4.86
4.86
4.85
4.07
4.8
1.29
1.1
3.61
3.05
4.75
2.33
3.93
2.1
4.95
4.88
4.07
4.28
3.35
4.85
4.9
1.01
1.01
1.01
1.01
1.01
1.23
3.43
4.21
1.32
2.12
1.33
4.13
4.35
2.57
4.23
4.93
4.99
2.35
1.56
3.9
1.01
1.86
3.05
4.23
4.23
1.01
1.01
1.67
1.01
2.99
4.35
4.19
2.71
1.41
4.17
1.17
4.05
1.12
4.64
4.06
4.29
3.23
3.52
2.67
1.02
1.26
4.35
4.35
4.43
3.51
4.01
3.11
3.94
4.48
3.74
4.44
3.99
3.68
4.16
4.16
4.2
4.33
1.06
2.77
2.35
1.01
1.55
4.2
3.85
3.94
3.55
4.28
1.01
1.92
4.26
3.67
3.6
3.37
4.97
4.59
3.66
4.17
4.86
4.86
2.93
2.93
1.13
4.56
1.03
1.78
1.08
1.06
3.55
1.21
3.8
4.93
1.07
4.61
4.95
1.12
1.12
4.31
2.74
2.29
2.48
3.81
3.4
2.41
2.41
4.97
3.5
4.64
2.34
4.98
4.98
4.88
4.88
2.58
2.58
3.46
1.4
1.23
1.44
1.0
1.0
1.04
1.36
1.0
1.0
1.17
1.04
1.0
2.76
1.33
1.07
4.44
1.04
1.04
2.75
1.25
2.15
2.75
3.07
1.19
1.26
1.89
2.83
1.26
1.21
2.52
1.02
4.98
1.02
1.02
2.75
3.32
3.3
4.64
4.57
4.57
1.18
1.02
1.03
1.02
4.46
3.11
1.06
4.05
4.08
4.98
2.36
4.88
1.06
2.49
1.02
3.72
2.23
4.02
3.65
1.38
1.4
3.54
2.64
1.21
1.0
1.0
1.0
1.0
1.0
4.77
3.62
3.99
4.33
3.08
4.07
3.13
4.13
4.13
4.37
4.37
4.56
4.17
1.26
2.35
3.05
3.23
4.16
3.93
4.74
1.98
1.54
3.68
3.87
4.18
4.14
4.11
1.09
3.23
4.21
3.28
2.91
2.98
2.86
1.75
3.96
1.87
2.77
2.77
4.81
1.07
3.22
3.43
1.08
1.13
3.06
1.19
3.16
4.28
1.75
1.77
1.05
4.34
3.72
4.69
3.82
3.18
1.62
3.38
4.08
4.78
4.18
3.12
4.18
4.33
1.05
1.67
1.0
1.0
1.0
1.0
1.68
1.0
1.67
1.5
1.03
1.0
1.0
1.01
1.01
1.01
3.66
1.67
4.99
3.66
1.74
1.01
1.0
1.0
2.82
3.27
3.73
3.73
4.89
3.1
2.85
1.03
4.33
1.52
1.02
2.92
1.05
1.21
1.03
1.03
1.03
3.76
1.01
1.02
1.01
4.99
4.5
4.96
4.96
4.96
4.74
4.98
4.98
2.54
3.08
1.0
1.36
1.33
1.98
1.06
1.06
1.05
4.66
4.72
4.02
4.65
3.81
4.04
4.98
4.9
4.02
4.25
4.14
4.25
1.75
3.55
3.86
4.73
4.73
4.73
4.27
3.39
2.14
1.25
3.36
3.85
2.41
3.65
2.06
3.35
4.32
1.36
3.23
2.92
3.05
4.85
3.36
3.0
4.12
3.39
2.04
3.33
1.77
1.03
1.98
2.85
4.6
3.06
4.42
4.38
1.03
3.09
2.14
1.4
2.58
2.5
2.4
4.24
2.44
1.01
1.11
4.3
2.01
3.36
2.1
4.14
4.83
4.05
1.04
4.16
4.16
1.02
2.63
2.63
1.91
1.02
4.74
2.88
2.99
3.9
2.97
3.42
1.65
4.42
3.98
2.76
1.01
1.76
1.0
4.99
1.71
3.55
4.83
4.97
1.01
1.09
3.28
1.01
1.38
1.1
1.94
1.94
2.26
1.36
1.0
1.0
1.01
4.17
2.03
1.91
4.9
3.46
1.06
1.02
1.32
1.01
1.46
2.03
4.95
4.3
4.96
4.02
1.02
3.37
3.37
1.03
4.54
4.74
4.95
1.89
4.99
2.66
4.99
4.9
1.0
1.0
1.0
1.67
1.0
1.01
3.97
1.0
1.0
2.96
3.93
4.97
1.07
1.55
4.81
1.66
3.83
4.96
1.06
1.03
1.01
3.18
1.86
1.57
1.48
2.75
2.75
3.82
2.59
2.21
3.85
1.04
3.14
4.7
4.57
2.31
1.26
2.08
1.02
1.02
1.02
3.25
3.25
3.86
3.21
3.78
4.75
4.98
3.17
4.95
3.87
3.87
4.95
2.64
3.89
3.8
3.8
3.77
4.53
1.03
2.7
1.36
1.52
3.59
1.0
1.4
1.0
1.26
1.01
3.17
3.17
2.35
1.01
2.92
2.98
2.94
4.33
4.14
4.87
1.03
1.02
2.77
4.7
2.91
1.52
4.57
4.1
1.64
4.97
1.0
1.0
1.01
1.0
1.0
1.0
2.15
1.01
1.03
1.0
1.24
1.0
1.93
1.0
2.58
1.05