5.0
1.0
1.0
1.21
1.77
1.59
1.11
1.0
1.01
4.58
4.03
4.19
1.05
1.05
1.77
4.8
2.42
1.05
1.03
1.12
2.37
1.01
3.41
2.99
3.21
3.94
4.89
1.01
1.29
1.26
1.16
1.2
3.16
3.16
1.38
1.48
2.58
1.48
1.95
3.34
3.34
1.02
1.51
1.02
4.98
1.02
1.03
1.0
1.0
1.15
3.31
4.72
3.7
4.58
5.0
4.31
3.92
3.2
4.08
5.0
4.99
3.85
4.99
2.12
3.74
2.57
3.53
4.94
4.17
3.22
3.76
1.8
2.68
2.56
1.84
4.02
4.23
4.23
2.62
1.16
1.93
3.02
3.59
3.68
1.42
3.07
4.04
1.01
4.63
1.27
1.78
3.02
2.01
2.91
1.73
2.12
3.82
2.96
4.12
1.88
4.86
4.98
4.98
2.1
5.0
5.0
5.0
5.0
5.0
5.0
1.01
1.03
2.5
1.41
3.94
2.8
4.92
4.97
1.89
1.54
3.7
3.31
1.94
4.08
4.08
1.27
2.42
2.9
4.92
4.92
3.92
4.99
4.99
4.0
4.7
2.13
4.28
1.94
2.28
3.28
2.45
1.02
2.32
1.12
2.66
1.53
3.71
4.99
1.78
1.04
4.31
4.45
4.45
4.45
4.31
3.6
2.32
3.08
1.02
2.0
1.01
1.01
1.01
1.24
1.01
2.88
4.07
4.5
1.1
1.72
2.91
1.01
1.01
1.01
1.01
1.01
1.01
2.52
4.68
2.52
1.04
2.98
4.36
4.31
1.97
1.2
1.84
1.77
4.71
4.43
1.51
4.97
3.78
4.07
4.07
2.36
3.03
3.64
1.01
3.61
2.08
2.08
1.01
1.01
2.49
2.27
3.74
2.49
3.72
4.46
3.65
3.65
4.09
3.78
3.72
4.03
3.74
1.0
1.4
1.0
4.33
1.0
1.0
1.0
1.0
4.36
1.0
1.0
2.51
1.0
4.35
4.98
4.98
4.32
1.02
1.59
1.93
4.92
4.8
1.25
2.34
3.16
1.64
2.59
3.6
1.02
2.95
2.06
2.58
3.85
3.92
2.49
3.71
4.29
1.04
4.71
3.89
3.12
1.04
2.36
3.1
3.97
1.13
2.06
2.57
4.03
1.02
3.07
3.07
1.41
1.1
4.83
4.33
1.32
1.02
1.02
4.0
4.38
1.03
1.02
4.36
4.99
2.29
1.0
1.98
1.15
1.01
5.0
4.95
5.0
5.0
4.96
5.0
3.88
4.33
3.76
4.35
3.72
5.0
4.29
4.36
3.0
1.03
1.03
2.3
1.0
4.87
1.0
1.0
1.0
1.53
1.0
1.01
1.51
1.07
1.0
4.66
4.33
4.33
4.82
3.34
2.83
2.83
4.97
1.33
1.53
2.22
2.54
4.33
1.35
1.01
1.0
1.0
2.84
4.31
1.01
1.95
1.54
4.07
2.76
1.24
4.83
4.15
4.81
4.47
4.39
2.66
1.02
1.41
1.22
1.01
1.27
1.01
1.0
4.86
4.92
2.62
1.05
1.36
3.45
4.77
4.86
2.86
3.69
3.36
1.52
1.52
1.57
4.8
3.12
1.9
4.19
1.04
2.01
2.14
2.82
1.91
1.06
1.28
2.02
1.6
4.05
3.41
4.74
4.03
4.61
4.61
3.16
4.71
3.51
1.03
2.54
1.06
1.03
1.5
1.7
1.09
4.97
1.31
4.52
3.12
2.25
4.43
3.94
1.16
2.06
3.56
4.32
3.53
1.01
2.7
1.65
2.03
4.73
1.98
1.11
2.91
4.83
2.89
2.39
1.26
3.8
3.92
3.8
2.04
4.94
4.96
1.43
1.03
1.02
1.13
1.02
1.11
1.02
3.8
2.08
4.99
1.98
1.01
1.02
3.7
1.02
1.0
1.0
4.15
1.04
1.02
1.02
4.03
1.19
1.19
1.01
1.01
1.07
1.73
1.02
1.76
3.83
1.98
1.98
1.31
3.92
2.38
1.05
3.07
1.34
4.71
2.88
4.18
4.05
1.26
4.34
3.76
2.11
2.57
1.22
1.04
4.36
1.75
1.39
1.02
4.52
1.01
1.46
1.46
4.86
4.86
4.86
1.03
4.33
4.33
5.0
5.0
1.0
1.0
1.8
1.0
1.0
3.15
5.0
2.12
4.99
5.0
2.02
4.99
4.99
1.81
4.89
4.04
1.17
5.0
1.99
1.78
1.68
2.59
4.33
4.98
4.99
2.01
4.14
4.52
4.52
4.52
4.88
1.01
1.88
1.01
1.01
1.05
1.01
4.95
2.7
4.91
4.43
1.94
4.96
1.01
1.02
1.01
4.93
1.01
1.01
1.01
4.97
1.05
1.04
4.91
4.97
1.02
1.01
1.01
4.8
1.01
1.01
4.91
4.86
4.71
1.01
1.01
4.33
1.0
1.0
1.0
1.0
1.0
4.99
4.04
4.04
4.97
1.0
2.16
1.49
1.0
1.0
1.0
1.0
1.09
4.58
1.01
2.94
3.09
2.16
2.62
3.89
1.61
2.18
2.3
2.43
1.36
1.92
1.05
1.71
1.05
4.12
4.68
4.65
4.66
4.21
4.27
4.32
1.18
1.76
1.95
1.49
4.24
1.57
2.94
4.72
1.29
4.1
1.19
2.69
2.92
1.06
3.3
3.3
3.3
1.68
4.77
4.19
4.61
1.01
1.21
3.77
1.0
1.01
2.28
4.95
3.19
3.19
1.02
1.29
4.8
4.95
4.99
1.98
3.19
2.27
2.02
2.02
2.57
2.95
3.41
3.93
3.57
1.01
1.9
3.89
1.02
1.0
1.34
2.58
1.33
1.63
4.79
3.31
1.36
3.43
2.02
1.11
4.14
4.39
2.94
3.08
4.51
2.42
4.93
1.15
3.46
1.02
4.16
1.02
2.77
1.02
1.12
2.85
1.04
2.8
4.6
4.99
4.87
2.44
2.44
1.02
1.01
2.85
1.14
1.0
2.03
1.12
2.91
1.99
1.02
1.02
1.81
3.65
1.14
1.05
1.15
1.19
1.0
2.04
1.0
1.9
1.13
1.19
2.85
2.09
3.14
1.28
1.42
1.06
1.1
2.81
2.84
1.94
1.18
3.72
2.01
1.07
1.03
1.83
1.25
4.12
4.29
4.99
1.01
3.17
3.01
3.03
2.0
1.18
1.16
1.99
4.79
4.64
4.37
3.83
2.71
4.89
3.81
2.01
1.12
1.01
2.5
1.01
1.01
4.35
1.58
4.86
3.22
4.75
4.98
4.98
1.01
3.62
1.13
2.84
1.11
2.16
1.12
1.01
4.65
1.55
3.12
4.12
4.34
4.1
2.39
4.01
3.17
1.0
1.0
1.0
1.0
1.0
3.52
2.02
2.94
4.64
4.14
3.36
1.13
1.02
1.05
2.84
1.7
4.52
3.88
1.92
1.03
4.67
1.17
4.38
4.7
1.49
3.05
3.05
1.01
3.18
3.18
1.43
2.05
1.01
4.99
1.02
4.74
2.04
1.04
1.04
4.13
4.17
1.7
1.55
1.07
1.09
4.09
3.95
4.0
3.93
1.23
1.04
4.08
3.24
2.56
1.14
3.35
2.8
1.05
1.3
1.01
1.01
4.89
2.73
3.32
3.36
4.29
3.58
3.64
1.26
3.63
2.87
1.43
1.02
1.46
1.01
2.83
2.74
3.32
1.49
1.1
3.41
2.02
4.86
4.98
4.9
4.85
4.99
4.15
4.29
1.97
4.98
1.57
3.13
4.97
3.31
1.81
1.0
3.92
5.0
3.7
1.51
1.65
2.22
4.98
4.95
1.01
1.01
1.13
3.47
3.33
2.04
2.79
1.13
4.99
1.0
4.63
4.63
4.63
4.41
4.41
1.66
1.03
1.94
1.0
1.07
1.0
1.0
1.02
1.0
1.03
2.75
2.47
1.1
2.96
1.97
1.07
1.13
1.64
2.23
4.93
4.85
4.82
3.34
3.67
3.99
2.74
2.34
2.34
4.87
3.26
1.65
4.03
4.96
3.95
4.98
3.61
3.57
4.62
4.94
4.66
5.0
4.44
2.81
4.04
4.04
3.64
3.64
3.18
2.97
1.88
1.01
2.22
1.57
2.56
4.85
4.69
1.0
1.36
2.27
2.69
2.03
1.64
1.0
2.92
4.56
4.22
2.52
1.24
2.18
1.07
1.19
4.14
4.96
4.97
2.11
1.69
1.04
1.02
3.34
4.01
2.87
3.15
4.77
2.83
1.01
1.0
1.0
1.0
1.0
1.0
1.0
3.21
4.22
1.79
2.96
4.95
2.14
1.0
1.0
1.0
1.0
1.0
1.0
1.0
1.0
1.0
1.0
1.0
1.0
1.0
1.0
3.57
4.79
4.74
4.64
2.1
1.32
1.03
1.79
3.7
1.0
1.0
1.0
1.0
1.0
1.57
3.23
3.2
3.96
4.97
3.61
2.85
4.4
4.25
5.0
3.9
3.9
2.66
2.66
4.01
5.0
2.74
4.37
3.1
5.0
5.0
4.4
2.8
1.86
3.9
4.4
1.03
1.66
1.11
1.01
1.48
1.26
4.48
4.48
1.98
3.38
1.16
1.27
2.24
3.35
4.47
4.99
1.0
1.0
1.0
3.04
2.75
1.06
1.21
2.5
3.23
3.18
4.27
4.64
4.64
3.18
4.99
4.84
4.83
4.97
2.98
1.9
1.95
1.0
1.0
1.01
2.84
1.0
1.26
2.79
1.0
1.01
1.0
1.65
1.0
2.9
2.3
1.01
4.99
4.32
1.01
1.1
1.42
1.08
2.96
2.65
3.57
4.01
1.1
2.76
2.24
1.0
1.0
3.58
2.14
1.07
2.39
3.82
2.17
1.22
3.97
1.86
1.35
3.94
3.94
3.12
4.23
3.42
4.05
3.8
3.8
3.09
4.1
3.86
3.79
1.57
1.08
3.41
1.09
4.77
1.03
4.36
2.81
2.38
1.01
1.5
2.21
1.21
4.02
1.03
4.94
4.16
1.05
4.61
3.45
3.45
3.45
4.88
4.88
3.72
1.68
1.4
1.21
3.51
2.91
1.09
2.89
4.86
4.95
3.28
3.17
4.96
3.83
2.69
3.62
1.15
1.13
4.35
1.01
1.04
2.88
1.98
4.63
4.39
4.09
4.05
4.43
3.3
4.84
1.03
4.23
2.18
4.96
2.0
1.83
1.35
2.12
1.0
1.01
1.01
4.97
4.63
1.24
1.98
1.16
4.89
4.99
4.85
4.51
1.59
2.48
1.04
4.9
4.6
3.97
3.84
4.94
4.78
3.2
4.19
2.79
4.2
3.22
2.48
1.34
3.3
1.31
1.47
1.01
2.29
1.8
1.65
2.19
1.52
1.24
1.08
1.07
1.07
1.13
4.08
4.24
3.26
2.54
4.26
1.27
3.19
4.03
2.14
1.48
3.68
4.97
4.97
2.13
3.91
1.83
1.73
4.97
4.75
4.98
4.79
4.57
1.06
1.05
3.19
2.65
3.46
3.97
4.82
2.86
2.4
4.89
3.76
3.75
3.88
1.01
3.83
1.89
3.3
2.13
3.88
1.11
1.01
4.86
1.56
2.71
3.01
4.23
3.0
2.61
2.51
2.74
4.25
1.48
4.73
4.06
1.03
1.03
3.22
2.16
1.21
2.77
4.07
3.17
4.39
3.37
1.8
1.27
1.01
1.02
1.02
3.6
1.03
1.17
3.2
2.26
3.18
2.95
3.31
2.33
4.45
2.06
1.07
4.98
4.27
3.99
1.02
3.91
4.08
3.87
4.72
3.54
3.95
3.19
2.81
3.7
1.34
2.94
4.87
1.98
1.59
2.33
2.84
2.32
2.44
3.75
4.37
3.06
2.21
3.41
2.55
2.1
3.23
2.45
4.02
3.64
3.64
3.06
1.58
3.99
1.02
1.38
1.0
2.38
1.01
2.12
2.26
1.68
3.39
1.0
1.94
1.86
3.04
1.9
3.66
1.18
4.6
2.33
2.81
2.27
1.67
1.01
3.66
1.12
1.01
1.01
1.03
4.96
4.96
3.31
1.02
2.29
1.05
4.95
4.86
3.26
3.26
1.02
1.34
4.57
1.05
1.05
1.05
1.08
2.92
4.88
3.27
4.22
4.43
4.99
3.66
1.01
1.0
1.01
2.05
3.72
3.56
3.56
2.36
3.5
3.36
3.17
4.04
2.02
2.14
3.13
4.81
4.55
2.92
3.52
2.07
3.1
3.16
1.1
4.17
1.04
4.95
4.42
4.94
1.03
1.16
3.14
3.14
1.56
1.13
4.9
2.62
4.95
2.18
4.06
4.69
4.32
4.77
1.01
3.35
1.12
3.66
1.49
4.0
3.17
4.51
1.16
1.07
1.3
1.01
1.85
1.01
4.4
2.61
2.9
2.9
1.09
1.58
1.05
1.07
3.76
4.99
4.91
4.05
5.0
2.94
2.91
3.73
1.57
2.38
4.33
1.01
1.01
4.73
1.01
2.36
1.17
4.86
4.31
1.01
1.01
1.01
1.01
4.03
4.16
2.02
1.01
1.8
2.01
2.32
2.45
4.47
1.07
1.98
4.14
4.33
1.16
1.76
1.01
1.79
1.53
3.59
1.09
2.51
1.95
1.92
4.84
1.13
4.1
4.02
5.0
4.33
5.0
5.0
5.0
5.0
2.84
1.0
2.53
1.17
4.99
2.33
3.53
5.0
2.12
4.98
1.0
1.08
3.0
3.0
3.07
2.06
1.2
1.0
2.39
1.1
1.09
1.07
1.85
1.02
1.02
2.98
1.01
1.01
4.13
3.79
4.57
4.2
4.0
4.99
4.94
3.68
2.12
4.86
4.61
4.86
4.02
1.01
2.39
1.24
4.21
2.26
2.71
3.9
4.73
2.8
3.21
3.52
2.94
3.42
4.11
4.13
3.9
1.04
1.64
3.81
4.21
3.31
2.46
3.27
1.01
4.17
4.29
4.57
2.57
3.76
2.14
3.87
3.04
3.04
3.46
3.46
4.69
4.54
3.86
2.03
2.64
1.51
1.01
3.2
2.84
2.92
1.03
1.21
1.01
2.81
1.0
3.24
3.58
1.37
2.26
3.13
4.91
3.11
3.74
1.08
4.46
1.83
4.71
3.32
1.55
3.85
4.38
4.59
4.51
2.96
4.79
4.75
4.48
2.76
3.72
3.71
3.55
4.64
4.8
4.42
2.34
1.14
1.82
1.6
1.11
2.04
3.06
1.02
3.19
1.02
1.71
1.68
1.02
4.68
1.02
3.13
3.88
2.44
1.02
1.02
1.02
1.02
1.01
1.02
1.02
4.7
1.28
2.49
2.69
1.87
1.45
2.19
1.87
2.63
3.58
3.75
1.18
3.84
4.95
3.28
3.08
4.06
1.08
1.02
4.19
4.3
1.06
4.06
3.24
4.97
4.98
2.88
3.89
4.98
2.74
1.03
1.35
4.24
4.59
1.19
4.39
1.87
4.62
1.89
1.02
1.54
3.82
3.2
4.08
3.03
3.03
1.48
4.01
2.67
3.78
1.05
2.63
1.03
1.31
1.06
1.03
2.27
2.1
4.09
3.2
1.53
2.84
3.07
4.01
3.04
4.71
4.13
4.74
4.96
4.68
3.5
3.5
4.88
2.88
1.02
1.01
1.01
1.1
1.99
4.58
1.07
1.54
2.15
2.85
1.47
4.93
3.56
2.92
4.89
2.32
2.77
1.53
2.79
2.29
3.3
4.17
4.39
4.08
3.26
3.74
3.1
1.94
3.68
4.15
4.64
4.35
3.7
3.97
4.72
4.4
4.45
4.53
4.18
3.45
1.02
4.47
1.69
2.02
4.16
4.54
1.34
3.84
4.18
1.02
4.63
4.29
4.89
2.28
4.28
4.92
4.99
4.47
4.13
4.64
4.7
4.85
2.74
3.91
4.9
3.43
3.6
3.6
3.24
3.36
3.44
4.63
3.89
1.39
1.51
4.96
1.41
3.5
3.5
2.45
1.01
3.49
1.03
3.81
1.0
1.0
2.63
1.16
4.92
4.73
2.28
4.74
1.96
2.09
4.58
1.83
1.15
4.14
1.25
2.5
4.96
1.22
3.03
3.66
4.58
1.01
1.01
3.52
4.54
4.11
1.72
3.98
3.19
1.23
2.17
4.26
1.01
2.38
2.41
1.01
1.13
1.27
1.77
1.16
2.71
1.34
1.55
1.93
4.67
1.03
3.5
3.41
3.77
3.22
4.24
3.88
4.44
1.39
4.83
3.91
1.92
4.92
4.89
3.59
4.21
4.57
3.97
1.99
4.95
2.9
1.11
1.91
1.04
1.39
1.39
1.39
1.05
2.95
4.27
2.82
1.16
2.48
2.67
3.54
3.89
1.87
1.93
3.96
1.01
1.01
1.01
1.0
1.0
1.0
1.0
1.0
1.0
1.0
1.0
1.0
1.55
4.2
2.18
3.51
1.84
2.96
3.66
3.18
4.98
1.01
3.08
2.72
2.12
2.12
1.41
1.01
4.77
3.28
2.7
4.35
4.08
1.5
3.85
2.26
4.34
1.36
4.84
2.11
4.08
4.71
4.8
3.9
3.0
1.24
1.01
4.98
3.79
4.64
4.64
2.79
4.62
4.68
3.96
4.91
3.81
2.31
1.05
4.92
3.87
1.97
3.23
2.02
1.44
3.74
2.2
1.05
4.97
4.33
3.73
3.28
4.7
1.19
4.96
1.62
2.02
3.38
2.99
1.32
2.45
3.37
2.27
4.93
2.56
3.62
2.05
3.26
4.45
4.67
1.99
4.74
4.4
4.01
2.43
2.29
3.23
1.63
4.98
1.54
4.05
3.57
1.32
1.93
2.19
4.21
1.05
1.1
4.82
4.69
4.91
4.97
1.03
4.35
4.93
2.45
1.23
4.1
4.99
4.88
4.57
4.22
4.92
3.61
1.67
1.01
1.01
3.39
1.13
1.01
2.1
1.01
4.75
2.25
4.77
3.01
1.88
4.9
4.98
4.4
2.81
1.28
3.94
4.98
1.16
4.87
2.84
1.61
4.97
4.74
4.19
2.32
2.26
2.78
1.21
3.14
4.57
1.3
4.2
1.8
1.04
4.48
1.06
1.85
4.03
4.93
3.27
1.04
1.42
2.3
2.86
4.25
4.96
4.24
3.66
3.21
4.96
1.29
1.01
1.01
1.01
3.49
4.98
2.64
3.42
1.02
1.15
1.02
2.94
3.53
1.04
1.6
4.55
3.7
1.09
3.8
1.03
4.81
1.04
1.39
1.28
1.06
3.1
1.03
3.0
4.47
4.51
2.93
4.12
1.09
1.24
4.1
2.84
3.35
4.36
3.86
4.1
1.14
2.15
1.22
3.84
4.87
4.0
1.41
1.02
1.02
2.17
4.1
4.6
1.26
1.4
3.0
4.96
4.95
3.54
1.31
4.18
2.69
3.55
4.01
3.08
4.06
4.41
1.1
1.01
1.02
3.98
4.91
4.52
1.86
4.01
2.96
3.83
4.85
2.27
3.59
3.43
1.03
1.21
1.09
1.0
1.0
1.0
1.88
3.95
1.21
2.22
3.89
1.2
3.9
2.21
1.01
2.11
3.92
1.04
1.09
4.1
3.75
1.27
2.46
4.35
4.22
4.68
1.91
4.46
4.22
4.41
1.89
4.99
4.32
2.92
3.6
4.95
3.96
3.8
1.2
3.74
1.73
2.81
3.37
3.92
3.92
4.32
4.41
1.69
3.82
4.73
4.29
4.71
4.68
4.72
1.63
4.97
3.77
4.43
4.7
2.22
2.75
3.44
3.44
4.33
4.36
3.41
4.75
4.37
3.87
1.08
2.81
1.08
1.17
4.32
1.35
2.03
1.15
1.01
1.01
1.01
1.01
1.01
1.01
3.4
1.15
4.83
1.37
1.02
4.59
2.01
2.64
1.02
1.01
1.01
3.91
3.23
4.04
3.29
1.08
3.13
2.1
3.67
1.11
1.0
1.0
1.0
1.0
1.0
1.0
1.0
1.0
1.01
1.01
4.0
1.05
4.8
1.06
2.15
1.05
3.09
1.05
2.24
3.81
1.06
3.65
1.07
4.33
1.16
1.98
2.41
1.11
3.76
1.25
4.66
1.22
2.14
4.1
4.68
3.23
3.94
1.52
2.43
2.41
4.79
4.45
3.86
4.83
4.4
2.81
4.08
1.27
2.14
1.71
1.03
4.9
3.4
2.41
3.49
4.02
3.01
3.01
3.89
2.99
4.92
3.44
3.44
4.61
2.65
1.66
4.18
1.93
1.26
2.8
3.96
4.41
1.77
4.77
4.05
3.46
4.53
1.46
4.2
4.69
2.58
2.19
1.02
1.01
4.99
1.49
3.66
3.98
1.87
1.04
2.3
4.02
2.91
3.35
4.82
4.92
4.87
4.55
4.99
2.97
1.66
3.54
2.85
4.66
2.59
3.87
4.31
4.58
2.13
1.01
1.02
4.35
4.86
1.79
1.44
1.01
3.01
2.56
1.71
1.11
1.31
2.24
2.93
2.93
3.65
3.95
4.99
4.98
4.98
4.14
4.57
4.65
3.39
1.74
1.05
3.0
1.03
1.51
3.42
3.87
4.17
3.04
2.92
3.28
4.59
4.59
4.11
4.75
4.75
2.87
4.57
3.25
4.14
1.02
1.02
1.01
1.25
3.01
4.73
4.83
4.07
4.07
1.05
1.98
3.81
1.02
1.73
1.02
2.89
2.01
1.69
4.93
3.84
4.67
4.37
4.14
3.67
2.35
1.58
2.24
1.01
2.16
1.01
1.11
1.0
2.68
1.07
4.95
1.63
2.61
3.56
1.77
3.62
4.4
1.93
2.84
1.33
1.88
2.18
3.83
2.36
2.36
3.94
1.29
2.05
4.93
3.29
4.89
2.18
2.93
1.08
4.08
4.8
1.17
2.91
3.26
3.26
1.03
4.9
2.3
4.42
2.99
3.0
1.17
4.25
4.74
4.75
1.67
3.11
4.92
4.99
3.69
2.79
2.3
3.59
3.59
4.33
2.23
4.18
4.76
1.05
1.03
4.44
1.03
1.28
1.03
4.02
4.32
4.32
3.11
2.3
3.83
2.17
2.17
1.01
1.01
1.31
1.01
1.12
1.01
1.01
4.44
4.94
1.08
1.29
4.26
3.97
1.37
1.55
1.66
3.89
1.85
3.76
4.47
3.89
2.94
3.92
4.07
2.91
2.4
1.29
3.97
1.17
1.9
4.0
3.58
4.11
2.84
2.23
1.52
2.74
3.24
2.9
1.5
4.08
4.12
2.23
2.23
2.79
3.47
3.42
4.36
1.26
2.2
1.18
3.14
4.6
2.21
4.96
1.04
3.85
1.55
1.52
1.02
3.76
4.73
3.84
3.38
1.59
3.0
3.0
3.97
2.23
4.51
3.26
1.18
2.8
3.14
4.32
1.01
1.01
1.01
3.49
3.49
1.01
1.55
3.18
1.37
1.07
3.67
3.98
3.98
4.53
1.03
4.06
1.14
1.04
3.23
3.76
1.02
3.78
4.62
1.48
3.87
1.07
1.72
1.1
3.97
3.92
4.1
1.81
1.13
4.78
1.29
4.41
5.0
5.0
1.0
1.0
4.33
1.0
1.0
1.0
1.0
1.0
1.0
1.0
1.0
1.18
4.84
2.96
1.05
1.01
1.01
3.03
4.96
5.0
5.0
4.95
3.49
3.24
4.33
2.2
4.99
1.36
1.01
1.81
1.59
1.0
4.96
3.91
1.82
1.04
1.07
1.07
1.36
4.18
4.69
4.82
4.11
1.81
3.58
2.69
2.01
2.34
1.14
1.29
4.78
4.05
4.27
1.92
3.01
4.98
1.16
4.16
2.59
2.78
4.32
1.1
4.55
3.84
2.85
4.92
1.03
1.04
1.51
1.03
4.63
4.63
3.79
3.79
3.66
4.88
3.62
4.1
1.01
4.41
2.47
2.47
1.01
3.67
2.62
4.35
4.35
1.75
3.61
3.61
1.02
1.02
1.01
4.88
3.62
4.64
4.7
1.52
4.91
4.35
1.95
2.46
1.11
1.69
1.08
2.11
3.34
3.34
3.72
1.02
1.03
1.23
1.01
3.79
4.27
3.59
1.82
1.94
4.77
2.41
3.9
4.96
1.02
1.01
1.02
1.02
1.06
2.12
1.41
4.42
4.96
4.95
4.95
3.61
4.06
3.18
4.95
4.89
3.11
3.31
3.18
4.81
3.93
3.91
4.81
4.96
4.94
3.39
1.06
4.98
4.26
4.91
4.98
4.48
4.48
3.65
1.11
3.26
4.96
4.47
1.5
4.3
4.86
4.47
4.22
4.22
1.33
3.31
1.97
1.14
1.34
4.31
3.2
3.97
1.44
3.73
1.01
1.01
4.98
4.98
4.55
4.6
3.49
4.7
3.66
4.99
4.99
4.99
2.72
3.3
2.77
2.77
2.77
3.69
1.01
2.13
1.16
1.01
1.01
3.26
1.36
3.02
1.02
1.28
3.05
4.94
4.42
3.71
3.76
3.76
3.23
3.86
1.9
1.82
4.9
4.9
3.94
1.47
1.16
1.84
1.05
1.24
2.94
1.66
1.07
2.01
4.65
2.13
1.48
2.35
1.01
1.01
2.35
4.21
3.89
3.34
4.48
3.06
3.79
1.72
2.79
4.8
1.25
4.71
3.78
3.46
3.93
3.93
4.99
3.93
1.97
4.76
2.1
3.94
3.03
3.03
2.79
2.73
2.13
1.0
1.0
1.0
1.0
4.33
3.67
2.34
1.0
1.01
4.0
4.3
3.36
1.74
3.38
1.15
3.54
4.0
4.64
4.27
4.61
4.2
1.11
4.38
1.5
4.48
2.1
3.94
2.83
1.08
4.61
4.39
4.15
1.9
1.07
2.27
2.33
2.1
4.78
2.85
1.27
3.72
4.55
1.56
1.27
4.37
1.02
3.01
2.15
1.1
1.64
4.55
4.99
2.91
1.12
1.93
4.81
2.66
3.31
3.43
3.43
2.94
2.96
1.01
1.01
1.66
1.01
1.61
2.37
1.01
3.83
1.04
3.5
3.83
1.48
1.14
3.07
3.34
3.65
2.29
1.0
1.01
1.01
1.0
2.78
3.22
4.42
4.42
4.02
4.02
1.55
4.22
4.22
2.72
2.72
1.0
1.0
1.2
1.03
1.0
1.08
1.04
1.98
1.75
1.05
1.03
1.46
4.22
3.43
4.56
1.23
4.03
3.66
3.66
1.27
2.36
2.54
1.71
1.21
1.03
2.64
4.2
1.03
1.04
1.04
2.14
1.1
1.17
2.98
1.41
1.0
1.01
4.13
1.99
1.02
1.01
1.08
4.96
3.63
4.19
2.5
4.02
3.02
2.8
4.87
2.49
1.03
4.61
3.45
3.5
4.81
2.47
2.47
3.75
3.75
3.5
1.48
1.01
1.71
1.01
1.01
1.66
4.96
1.78
1.05
4.82
3.68
5.0
2.94
4.99
2.7
4.99
3.52
4.99
3.87
3.36
4.92
1.0
1.26
1.01
1.0
1.0
3.1
1.01
1.03
4.99
2.98
4.96
4.66
4.32
3.19
3.32
4.4
4.4
4.24
3.11
4.99
3.06
3.98
1.03
2.82
3.03
1.94
1.86
1.36
1.01
2.56
1.03
1.16
1.07
2.65
1.53
1.53
1.1
1.13
2.73
4.92
1.19
1.05
1.23
4.46
4.46
4.39
3.24
1.05
2.13
2.87
1.71
2.56
3.87
3.87
1.43
1.22
4.87
2.1
1.53
1.6
4.7
1.04
1.37
4.22
4.22
3.99
4.12
3.99
2.01
4.38
4.99
2.4
1.55
4.99
1.04
1.02
1.02
1.02
1.02
1.04
1.02
2.04
1.03
4.58
1.68
1.12
1.08
4.12
4.12
1.02
2.84
2.84
4.32
4.09
4.4
1.02
1.02
1.57
3.21
3.46
3.46
4.3
1.48
3.29
1.28
1.31
1.18
2.92
1.49
1.06
1.59
4.5
4.56
4.73
3.95
2.96
1.76
1.01
1.53
1.5
1.41
2.58
1.29
1.91
4.66
4.21
4.21
3.54
1.08
1.08
1.08
3.69
2.44
2.76
1.08
2.07
1.7
1.23
1.05
1.05
4.84
2.82
2.91
4.01
1.12
1.07
1.19
3.44
1.01
1.04
1.04
4.31
4.31
1.43
3.27
4.01
1.05
1.61
4.28
1.14
1.45
4.42
4.29
2.17
4.05
2.69
4.5
4.71
2.12
1.01
1.0
1.08
1.15
1.79
1.0
1.06
1.05
1.01
4.33
3.06
3.79
4.36
1.04
3.59
4.87
1.01
1.28
4.99
1.27
4.75
4.43
3.34
1.0
1.0
1.01
2.56
1.0
1.04
1.0
1.0
4.57
1.05
4.79
4.08
4.81
2.79
1.05
2.39
3.8
1.15
2.4
1.04
3.2
1.59
1.59
1.03
2.04
1.02
4.91
4.32
4.07
4.46
1.19
3.57
1.01
2.03
1.89
1.02
1.01
2.42
2.49
1.01
4.55
4.12
4.36
4.22
4.22
1.07
3.33
1.05
1.01
1.1
1.78
1.44
1.02
4.47
1.6
3.78
1.02
4.25
2.96
3.88
4.96
2.35
4.81
3.76
4.28
1.99
3.71
1.2
2.53
4.95
1.56
1.01
2.63
4.96
3.91
4.48
1.24
4.41
4.99
4.99
4.85
1.2
1.03
1.05
1.01
4.22
1.31
1.45
1.17
1.22
4.01
4.74
1.01
1.53
4.55
1.04
4.99
1.03
1.01
1.84
4.46
1.35
1.53
1.91
2.09
2.16
2.25
1.16
1.02
1.13
1.99
1.0
2.2
1.87
1.11
1.07
1.0
1.11
1.62
1.06
4.93
2.91
1.18
1.58
3.84
1.89
1.96
1.98
2.86
4.36
4.3
3.29
3.29
4.75
4.97
3.61
1.12
1.31
1.1
1.01
1.01
2.94
4.65
2.38
3.86
4.96
4.84
4.72
1.7
1.21
4.26
1.24
3.01
1.13
1.08
1.01
2.51
2.19
1.14
2.35
1.04
2.28
2.31
4.98
4.88
1.01
1.01
4.96
2.63
4.36
3.23
2.91
3.93
3.5
2.54
3.11
1.89
2.94
1.24
3.85
3.57
2.98
3.07
1.87
2.11
4.33
3.97
1.01
1.16
1.09
4.97
1.01
2.18
1.26
1.0
1.01
1.02
1.3
1.01
1.01
1.0
1.2
1.05
1.65
2.58
1.01
1.0
1.0
1.0
1.0
1.0
1.0
1.0
1.0
1.0
1.0
1.0
1.0
1.0
1.0
4.99
1.06
3.43
4.07
3.25
1.96
3.38
4.54
1.23
2.24
4.64
4.75
4.65
2.97
3.85
1.14
2.73
3.11
3.14
3.27
1.03
4.72
4.58
1.42
4.6
4.76
1.59
1.02
1.1
4.85
2.82
3.18
1.18
1.01
1.12
1.04
4.85
4.07
4.95
1.06
3.07
4.0
4.69
4.93
4.05
3.08
3.09
4.19
1.83
4.98
2.68
1.33
2.65
2.64
4.97
4.4
4.98
4.35
4.98
4.98
2.14
2.12
4.2
3.06
1.06
4.97
4.12
4.73
3.21
4.9
3.59
3.59
3.59
3.02
3.17
3.17
3.35
4.46
4.8
2.72
1.0
3.5
1.0
1.0
2.05
1.05
1.87
1.0
4.62
1.0
2.56
3.67
1.0
1.02
3.86
1.82
2.9
4.12
4.29
1.54
2.57
4.04
4.58
2.02
2.83
4.25
4.25
4.62
1.93
4.01
1.03
3.91
1.01
1.01
4.86
4.55
4.56
2.42
3.04
1.23
3.72
2.6
4.04
4.82
4.99
4.88
4.88
3.5
2.8
4.95
3.31
2.7
3.96
3.96
4.55
4.55
4.55
4.96
3.15
1.01
3.99
2.71
1.01
4.94
4.78
2.0
2.1
1.05
2.28
3.95
1.05
4.06
1.03
1.12
1.74
4.64
1.44
4.52
3.49
1.7
3.91
1.17
1.11
4.25
3.9
2.66
2.31
4.0
2.63
3.05
4.11
4.11
4.32
4.72
1.95
1.06
1.45
1.77
3.75
2.9
3.79
3.79
4.03
4.25
3.09
3.03
4.84
2.97
3.12
2.67
4.12
1.01
1.0
3.11
2.14
2.23
2.91
2.91
4.99
1.01
2.11
2.35
1.64
2.09
4.9
3.78
1.51
4.09
2.95
1.68
2.0
3.33
1.95
4.83
3.4
3.4
3.51
2.7
4.69
1.0
3.41
3.89
3.88
1.82
1.42
1.0
1.65
4.08
1.88
1.91
4.19
4.67
2.38
4.14
4.81
4.89
4.19
4.94
1.06
3.46
2.37
1.04
1.74
1.51
1.48
2.84
4.03
4.03
2.26
1.87
1.04
1.12
2.77
2.77
2.77
4.05
4.0
1.18
2.83
2.67
2.07
3.93
2.78
1.4
3.93
2.99
1.43
2.98
3.79
3.9
2.97
4.73
3.85
4.17
4.69
2.77
4.97
4.34
1.09
3.5
2.87
3.51
3.55
1.52
2.0
1.07
1.01
3.26
1.11
1.03
1.0
1.78
1.08
2.88
1.37
1.4
1.01
1.01
3.95
4.39
1.0
4.97
4.97
4.92
4.12
1.34
1.02
2.31
1.01
1.01
4.62
4.67
3.86
3.81
4.98
4.67
1.03
3.34
4.39
4.15
4.13
1.36
4.87
1.03
4.3
4.94
3.23
3.08
1.58
1.43
3.11
1.04
1.07
2.98
1.28
3.69
1.04
1.44
1.02
4.65
1.23
1.03
3.89
3.44
4.95
1.44
1.24
1.8
1.01
1.05
1.32
1.64
1.01
1.01
1.01
1.01
4.29
2.87
3.23
2.78
1.01
1.09
1.0
1.01
2.02
1.01
1.01
1.65
1.01
3.54
4.2
5.0
1.0
3.0
3.53
1.01
3.37
1.45
2.45
1.02
4.98
3.8
3.49
4.93
4.77
3.09
1.01
1.08
1.01
1.01
2.32
4.0
2.76
2.53
3.89
2.95
2.17
3.08
4.82
4.0
3.94
2.77
3.54
3.93
4.99
4.1
2.34
1.87
3.92
4.0
4.18
4.88
4.21
4.77
2.85
2.85
2.0
3.85
2.47
4.2
4.2
3.92
4.84
3.57
2.12
5.0
4.2
4.96
4.36
4.15
4.78
4.73
5.0
3.63
1.11
1.01
3.78
2.45
3.46
2.95
4.48
4.9
4.11
1.01
1.78
3.28
4.81
4.29
3.74
3.92
1.35
3.32
2.82
3.45
4.03
4.41
3.64
4.95
2.96
3.2
1.04
2.76
1.27
1.69
2.89
2.56
1.24
2.31
4.18
4.93
4.22
4.33
3.08
3.44
2.38
3.6
4.33
2.63
3.33
4.52
4.31
4.66
2.87
4.73
2.11
3.12
1.32
1.01
1.01
1.02
3.16
1.01
1.01
2.6
1.07
2.9
2.66
1.96
1.01
3.54
4.55
1.04
1.32
1.01
3.2
3.31
2.63
1.01
1.28
2.46
4.31
3.01
2.38
2.04
3.61
1.23
3.26
3.05
2.83
1.06
4.54
1.03
4.98
1.06
1.02
4.84
4.04
1.01
2.42
4.99
4.98
1.54
4.55
4.98
4.99
4.54
3.65
4.39
3.63
4.43
4.76
2.22
4.74
2.42
2.42
3.78
3.88
4.06
4.52
4.48
4.93
4.64
3.24
3.49
4.32
3.55
3.55
3.3
3.3
4.47
1.81
1.25
2.87
1.0
3.72
1.09
1.79
3.37
1.05
1.13
3.32
1.0
1.0
2.61
1.73
2.37
4.92
1.46
1.77
1.45
1.5
2.59
1.09
1.01
1.33
3.37
1.01
1.0
1.58
3.97
1.31
3.36
3.99
1.09
4.95
4.3
4.44
3.14
4.48
3.52
1.04
1.04
3.89
2.43
1.03
4.87
1.69
4.25
4.97
4.97
1.03
1.02
1.06
4.85
1.03
4.92
4.44
4.93
4.8
1.09
4.95
4.77
1.43
4.95
4.9
3.36
1.38
1.45
3.21
3.44
3.47
3.05
4.44
1.67
5.0
3.67
5.0
1.0
1.67
1.67
1.0
1.67
2.11
1.0
1.0
2.33
1.0
1.0
2.66
4.75
4.17
3.05
4.69
4.6
4.14
5.0
4.64
1.79
4.45
3.56
4.36
4.99
1.0
4.32
2.0
4.99
4.99
1.09
1.0
4.84
4.04
4.79
1.02
1.28
3.39
4.48
1.94
1.73
2.93
3.73
3.01
4.3
4.95
4.85
2.08
4.52
3.65
1.67
1.31
1.33
4.39
4.8
4.99
1.6
3.8
1.65
1.01
1.83
1.0
2.04
4.43
4.43
1.58
3.81
4.5
2.61
1.69
3.0
1.09
1.17
3.97
3.21
3.24
1.16
3.83
4.36
1.16
1.18
1.02
2.52
1.9
4.23
1.85
1.17
1.99
2.63
3.74
1.54
1.87
1.01
1.28
1.99
1.83
1.16
2.12
4.65
3.01
1.83
4.38
1.1
4.38
4.33
2.8
2.38
4.01
4.28
4.15
3.05
4.05
2.66
1.09
4.38
1.0
1.0
1.0
1.01
1.01
1.01
4.46
4.89
1.72
4.62
4.16
3.95
3.72
3.08
1.17
1.83
3.64
3.4
2.18
3.68
4.37
1.02
1.02
1.02
1.02
4.34
2.54
1.26
1.03
1.08
1.96
1.04
3.77
4.31
3.13
4.99
3.81
3.88
4.21
3.87
1.0
1.0
1.0
1.0
2.65
1.0
1.0
3.85
1.01
2.99
1.09
2.19
2.63
1.0
1.01
1.0
3.28
4.2
2.98
2.99
1.51
1.51
4.85
3.27
3.43
1.02
1.03
4.93
1.87
1.01
1.01
1.89
1.92
1.01
4.98
1.17
1.06
2.13
4.2
3.48
1.01
1.01
1.01
1.94
1.34
2.56
1.22
1.01
1.01
3.24
1.11
1.06
4.98
1.03
1.71
4.31
4.03
2.15
1.04
4.93
2.55
1.01
4.94
2.3
3.49
4.07
4.45
1.01
1.08
3.73
1.44
4.81
1.3
1.63
4.82
2.76
3.37
1.01
2.65
3.94
1.87
4.1
1.36
3.85
1.63
1.17
4.98
4.98
4.98
1.36
1.0
1.0
1.0
1.0
1.0
1.0
1.07
1.06
1.17
1.0
4.98
4.99
4.33
1.07
1.8
2.63
1.03
1.01
3.27
3.22
1.02
4.95
1.56
1.02
3.88
4.94
4.39
2.02
1.37
3.54
1.99
2.38
1.02
4.89
3.92
2.91
4.32
1.0
2.33
1.0
1.0
1.0
1.0
4.77
3.25
1.01
1.01
1.64
2.46
2.12
1.02
1.13
1.77
1.0
3.03
1.27
4.62
3.78
3.2
3.2
2.78
3.06
3.67
4.2
3.85
4.77
2.89
1.13
4.08
2.07
3.01
1.56
2.39
3.09
2.57
4.29
2.77
3.99
4.24
1.27
4.56
4.78
2.72
2.33
3.49
3.72
3.72
2.93
1.52
1.02
2.65
4.83
4.05
1.05
1.05
4.99
4.99
3.94
3.94
4.59
3.7
3.55
1.01
4.99
4.99
1.01
1.28
4.18
4.62
3.29
4.68
3.03
2.84
3.45
3.43
4.79
4.79
4.4
4.59
4.59
4.97
1.01
1.53
1.54
1.02
1.55
1.55
1.02
1.38
1.01
1.26
2.91
1.01
4.01
3.44
3.04
1.64
4.66
1.83
4.41
4.81
4.98
4.99
2.77
2.83
1.01
4.01
4.17
2.87
4.99
3.5
4.05
3.09
4.53
3.51
3.7
3.41
4.58
3.68
4.97
2.84
1.42
3.34
1.23
1.02
3.07
4.77
4.7
2.16
1.99
1.0
2.73
3.06
3.21
1.02
1.47
4.02
2.44
2.44
1.08
4.11
2.78
2.25
4.35
4.88
4.4
2.04
2.44
3.9
2.76
2.97
4.6
1.02
1.11
4.41
4.09
3.87
1.13
4.13
4.04
1.04
1.87
2.92
4.47
4.96
1.29
3.25
1.41
3.26
3.35
4.34
4.41
1.01
1.01
1.01
1.01
1.22
2.97
2.05
1.07
4.29
1.39
4.93
1.68
4.0
2.85
3.66
4.23
1.01
2.33
4.46
4.03
3.09
4.05
3.86
3.93
2.49
4.76
4.63
3.18
1.95
3.91
1.13
1.11
1.04
2.63
3.94
4.11
2.77
4.57
3.01
3.77
1.11
4.46
4.53
3.19
1.16
1.36
1.31
1.0
1.0
1.0
4.23
3.31
1.0
1.0
3.66
3.6
4.03
4.21
4.06
2.57
3.0
1.03
4.94
3.51
4.13
3.25
1.5
1.02
3.88
4.72
1.02
4.08
2.68
4.12
3.67
1.89
1.97
2.08
2.23
2.23
4.75
3.75
4.14
4.01
4.05
4.62
2.57
1.06
4.51
3.79
3.39
3.81
1.82
2.62
1.47
3.84
1.84
4.93
1.7
2.82
1.57
1.11
4.0
4.54
4.17
3.19
2.29
2.91
1.29
2.48
3.81
2.41
2.41
2.41
3.7
4.99
4.99
2.11
4.88
3.9
1.4
4.99
1.14
2.7
1.02
1.25
1.15
1.25
2.95
1.0
1.0
1.0
4.92
1.06
2.64
1.27
1.51
1.93
3.28
1.27
2.24
1.39
1.06
2.75
3.26
1.04
1.01
1.55
1.1
4.91
1.75
4.28
4.5
1.37
2.43
4.82
2.5
3.87
3.56
3.86
1.08
4.97
4.61
4.97
4.96
1.01
2.09
1.11
1.05
4.77
1.03
3.11
1.06
1.37
2.73
4.8
3.88
4.94
4.94
2.9
2.9
4.6
3.58
2.72
2.72
4.59
4.66
1.01
2.77
3.85
1.01
3.91
1.83
1.02
2.9
2.05
1.01
2.92
1.0
1.0
1.96
4.65
2.35
2.25
4.67
1.73
1.82
4.07
4.07
1.96
4.07
4.72
3.13
4.37
4.38
3.12
4.56
4.45
4.39
1.86
3.01
3.05
4.39
4.14
3.64
2.75
3.79
3.2
1.1
3.89
4.44
4.61
4.36
1.88
3.19
4.21
4.21
3.15
4.53
1.77
1.78
1.78
3.24
3.57
3.08
2.59
1.88
2.64
2.65
1.14
1.53
1.05
1.04
1.04
4.28
1.03
3.63
1.71
4.11
1.33
2.28
3.93
2.21
1.34
2.85
4.78
3.11
3.01
1.03
3.98
3.66
5.0
5.0
1.01
1.84
1.0
3.28
1.0
1.0
1.03
1.67
1.67
1.0
1.0
1.0
1.01
1.01
1.01
3.68
3.68
1.67
3.0
3.66
4.99
1.74
1.74
1.0
1.0
3.98
4.11
3.58
3.58
3.3
3.03
4.88
1.02
1.94
1.03
4.75
2.04
3.99
3.73
3.76
3.74
1.8
4.38
2.07
1.01
1.24
1.01
4.93
4.96
4.75
1.18
1.01
3.05
3.05
3.05
3.05
3.84
3.77
1.85
4.81
4.04
4.96
4.88
4.9
4.16
4.97
4.97
2.87
3.1
3.06
1.75
4.89
3.55
4.69
2.57
1.51
3.83
4.23
4.23
1.42
1.07
3.12
4.41
4.39
4.56
4.56
3.91
2.82
4.75
3.76
4.02
4.32
1.33
2.72
3.77
1.81
3.18
2.66
3.23
4.74
3.24
4.08
2.69
4.44
1.01
1.79
3.66
3.66
2.4
2.4
1.88
1.01
1.01
1.02
2.35
3.98
4.61
3.18
4.78
4.78
1.38
1.17
2.8
2.75
4.19
1.06
1.04
4.22
3.63
4.16
4.16
1.02
4.46
2.99
3.14
4.46
3.59
2.46
2.51
4.75
1.88
2.46
4.64
4.64
2.76
2.76
1.02
1.86
1.38
1.76
2.57
1.48
1.04
1.12
3.16
2.09
1.82
2.94
2.84
2.7
1.0
1.52
1.0
1.0
2.31
2.62
4.85
2.1
3.34
4.65
2.83
4.67
3.0
1.98
4.86
4.82
4.9
3.37
1.02
1.32
3.19
1.07
4.33
4.14
1.0
1.06
1.0
1.59
1.0
4.2
3.97
1.0
1.0
3.95
3.06
3.62
2.03
2.97
4.08
2.92
4.01
3.89
4.25
1.03
1.03
1.02
1.1
2.87
4.65
4.79
3.7
1.1
4.18
1.03
2.09
3.93
1.33
1.93
3.96
1.02
3.89
4.73
4.75
4.7
4.25
4.95
4.95
2.64
4.69
4.53
1.01
2.6
1.2
1.04
1.02
2.71
1.26
1.39
1.4
4.86
1.26
1.08
1.1
4.99
1.0
2.45
4.17
1.01
2.23
2.23
1.44
3.22
3.87
4.95
4.95
1.52
1.0
1.0
1.71
3.98
4.19
1.18