4.33
5.0
1.01
1.0
1.02
1.11
1.01
1.01
1.01
1.0
4.71
1.01
1.02
1.02
1.01
2.11
1.01
2.47
1.05
4.28
1.03
1.05
3.84
3.55
1.35
4.55
3.05
4.14
4.15
1.01
4.7
1.11
2.54
3.16
1.01
3.79
2.18
3.7
1.8
4.87
1.51
1.06
4.87
4.31
1.05
1.0
1.0
1.0
1.0
1.79
4.94
4.94
1.08
3.37
1.05
1.03
4.27
4.58
4.04
4.84
3.58
3.55
4.24
4.31
4.15
3.34
4.59
4.21
4.64
4.04
2.91
3.84
4.59
1.92
4.25
3.23
5.0
4.75
3.0
4.26
3.74
2.9
3.82
4.17
3.9
3.9
3.7
3.76
4.16
1.8
3.25
2.41
3.98
4.02
1.04
2.85
3.0
3.66
2.14
1.5
2.59
1.86
3.36
4.05
2.97
2.0
4.43
2.7
3.08
3.98
2.97
1.04
4.76
4.98
1.18
1.29
3.27
1.85
5.0
5.0
5.0
5.0
5.0
5.0
5.0
5.0
5.0
4.99
4.99
4.99
1.67
4.33
1.01
1.01
1.02
1.03
4.12
2.43
4.43
2.03
1.24
2.85
1.78
3.27
4.05
4.05
1.21
1.17
4.3
1.65
3.98
3.05
3.99
4.2
2.59
3.48
3.48
4.99
2.96
2.46
2.32
4.06
1.99
4.96
3.98
4.6
3.02
2.3
4.05
3.91
3.34
2.97
1.24
3.21
4.89
4.85
3.98
4.45
2.44
4.33
4.85
3.9
4.22
4.95
3.94
3.63
4.31
3.51
3.6
1.08
3.08
1.01
1.43
2.49
2.07
1.14
1.36
1.58
1.59
1.2
1.23
1.01
1.01
1.01
3.39
3.39
1.02
1.02
3.28
3.28
3.26
3.26
4.89
3.48
3.48
4.73
4.71
1.37
4.05
1.69
3.68
1.61
1.01
4.12
1.05
1.01
3.61
2.95
4.98
3.74
3.73
1.91
1.0
3.74
2.47
2.49
3.72
4.58
3.26
4.4
3.75
4.31
3.11
3.65
4.91
4.37
3.58
1.5
1.82
1.0
1.0
1.01
1.0
1.0
3.64
1.0
4.73
1.01
1.02
1.99
4.89
2.52
4.61
1.7
2.99
1.05
1.12
2.81
2.22
4.07
3.56
2.49
1.65
1.46
1.63
1.36
1.49
1.02
2.87
3.88
1.75
2.91
1.86
1.28
2.87
3.88
3.91
1.03
4.42
4.45
3.27
4.14
3.8
1.07
1.07
1.06
1.1
2.02
2.12
3.57
1.01
1.02
1.02
3.48
1.01
1.02
1.87
3.36
4.97
4.99
4.98
1.0
4.33
4.95
4.93
5.0
5.0
5.0
4.99
2.76
2.76
2.76
2.76
4.65
5.0
5.0
4.56
4.76
4.76
4.38
4.38
4.22
4.32
4.32
3.88
4.99
3.0
1.0
3.65
3.65
5.0
5.0
4.94
1.0
2.98
2.51
1.0
2.3
4.99
1.0
5.0
1.0
1.01
1.0
1.0
1.0
1.0
1.01
1.73
1.0
1.03
1.0
1.19
1.19
4.32
1.03
1.01
2.03
1.01
1.03
1.05
1.09
1.01
1.0
1.0
1.0
1.01
1.01
1.02
1.1
1.04
1.0
4.05
3.23
1.13
3.17
3.79
3.18
3.46
4.7
1.09
4.9
3.86
3.05
4.82
1.02
1.01
3.04
1.0
1.0
1.0
1.02
4.66
3.0
1.78
1.09
1.64
1.01
1.01
2.12
2.52
2.86
1.13
1.01
3.16
3.01
3.62
3.62
4.65
3.12
2.84
3.51
2.04
2.71
4.54
3.72
2.95
3.51
1.42
4.05
4.51
1.11
3.02
4.82
4.75
2.71
2.71
4.13
4.66
2.34
4.87
2.29
1.34
1.15
2.78
4.43
2.54
4.68
4.76
3.9
3.05
4.55
1.64
1.25
1.05
2.8
3.54
1.56
3.36
3.1
3.9
1.0
4.0
1.01
1.01
4.98
1.48
1.49
3.74
3.29
1.67
4.31
3.42
1.12
3.97
2.51
2.51
1.02
4.84
1.02
2.72
4.47
1.27
1.27
4.99
3.53
3.55
1.98
3.27
1.02
1.0
1.0
1.0
4.18
4.18
4.15
1.24
1.02
1.01
1.01
1.01
1.45
3.24
1.31
2.32
3.02
3.53
1.02
3.21
4.67
2.35
1.64
2.59
1.21
1.39
1.42
1.12
1.61
1.01
2.24
1.06
1.01
2.96
2.97
1.02
2.18
4.14
1.18
1.92
2.14
1.02
3.49
3.94
3.94
3.94
1.03
1.6
4.35
4.93
1.11
1.05
4.33
3.0
5.0
5.0
5.0
1.0
1.78
1.0
1.0
4.74
4.99
4.98
3.41
4.99
4.27
5.0
4.99
3.69
3.96
3.18
4.59
4.59
1.09
4.98
3.86
2.11
4.84
4.75
4.99
3.9
1.02
1.02
4.4
4.3
4.22
4.32
4.98
1.64
4.75
1.01
1.04
4.25
1.0
1.33
1.01
2.75
4.78
1.01
4.87
1.01
1.01
4.72
2.71
4.0
1.02
3.95
2.89
4.85
1.4
3.34
3.34
2.21
1.03
1.01
1.02
3.21
4.33
4.33
1.0
1.0
1.05
1.0
4.99
4.83
4.83
4.99
4.99
4.04
4.04
1.01
1.0
1.0
1.0
1.0
1.0
2.65
1.08
4.48
2.52
2.99
2.59
3.69
1.93
1.0
2.9
1.13
3.9
1.0
4.07
1.3
4.48
1.66
3.59
3.51
4.75
3.55
3.82
1.1
3.97
3.47
1.05
1.41
1.67
1.14
4.17
1.06
3.88
1.78
4.93
4.96
4.74
4.91
4.91
2.04
1.05
4.13
3.46
2.33
3.26
1.76
2.68
1.56
1.65
1.07
1.03
3.14
4.13
3.85
2.04
4.94
1.28
4.97
1.27
3.32
1.12
1.13
4.21
4.98
2.16
4.37
4.37
1.29
1.0
1.01
1.14
4.3
4.78
1.09
1.24
3.66
1.27
3.05
3.66
1.0
2.92
2.13
1.69
1.69
1.58
2.44
3.76
1.0
3.62
1.08
1.58
1.53
1.03
1.0
4.38
1.9
1.9
4.28
3.43
3.16
4.34
1.51
4.1
4.93
2.92
1.05
4.22
4.91
3.55
1.08
4.16
4.16
2.77
2.61
1.03
1.1
3.17
4.74
1.04
1.51
3.81
4.95
4.99
3.24
1.99
2.95
1.48
4.61
1.05
1.63
1.2
1.94
1.14
1.37
1.46
2.1
2.1
1.0
1.04
1.33
1.69
1.09
2.0
1.0
2.05
2.08
1.8
3.98
2.33
1.0
1.83
2.13
2.48
1.18
4.75
3.33
1.29
1.15
4.99
3.72
2.3
1.66
1.01
2.74
4.99
5.0
2.0
1.01
1.01
2.11
1.01
1.01
1.67
3.19
4.11
1.01
4.74
2.32
4.76
3.12
2.76
4.99
4.15
2.55
4.84
3.74
3.77
3.77
4.09
4.37
4.9
2.43
1.01
2.08
4.14
3.86
3.79
3.28
4.75
4.75
4.98
4.98
3.71
3.62
1.01
1.97
4.5
4.68
1.02
1.07
1.71
1.33
3.04
4.46
2.68
4.19
4.55
4.77
3.81
1.11
3.38
4.05
4.89
3.17
1.44
1.0
1.0
1.0
1.04
1.17
4.17
2.94
1.07
3.24
3.35
1.04
4.39
4.29
1.12
2.08
1.96
1.03
4.72
4.59
1.74
2.73
4.4
1.14
2.99
3.27
1.27
4.29
4.72
4.99
4.49
4.91
2.67
4.68
1.01
1.66
1.04
2.02
1.03
1.06
1.04
1.02
1.55
2.31
1.07
4.86
1.72
4.26
2.92
1.07
4.29
1.99
2.93
1.14
1.07
1.91
4.87
1.19
1.04
4.67
4.08
2.0
2.67
1.92
4.63
1.86
2.7
1.02
1.13
1.01
1.01
4.92
4.92
2.73
2.73
3.27
2.25
4.29
3.7
2.07
2.51
1.05
2.33
1.94
2.26
3.91
1.01
3.0
1.03
3.61
1.21
3.64
1.43
2.07
1.78
1.93
4.66
4.53
4.13
3.55
4.99
2.85
1.01
1.01
4.14
1.07
1.17
2.86
1.02
1.0
1.67
3.22
4.71
4.54
4.31
4.82
1.03
1.02
1.03
1.1
3.55
1.02
1.04
1.02
4.99
1.39
4.96
1.13
3.58
3.64
4.99
1.0
1.28
4.41
3.68
1.0
1.01
1.0
1.03
1.0
1.01
1.01
1.01
1.0
1.01
1.0
1.02
1.0
2.22
1.0
1.19
3.66
3.66
1.48
2.22
3.19
1.07
1.42
2.04
2.48
2.85
3.29
4.99
1.44
2.99
3.71
3.72
3.98
5.0
3.0
2.78
3.95
3.17
4.69
3.95
3.61
4.62
3.95
3.96
4.51
3.8
4.85
2.81
3.46
1.62
1.62
3.88
1.73
1.0
1.74
3.06
2.71
4.99
5.0
5.0
3.99
1.54
5.0
3.66
1.0
1.05
1.05
1.0
3.77
2.82
1.45
1.93
2.3
1.01
2.25
5.0
4.26
1.89
1.16
1.75
4.96
4.96
4.96
2.08
1.17
3.61
1.13
4.9
3.15
2.87
4.99
1.0
1.0
2.02
1.0
1.0
1.01
1.0
1.03
1.0
1.0
2.96
4.84
2.98
4.55
3.27
2.13
3.56
1.0
1.0
1.0
1.0
1.0
1.0
1.0
1.0
1.0
1.0
1.0
1.0
1.0
1.0
1.0
1.0
1.0
1.0
1.0
1.0
1.0
1.0
4.87
4.79
2.47
1.29
2.38
1.17
1.0
1.0
1.0
1.0
2.08
3.41
4.34
3.11
3.79
3.32
3.61
3.27
4.99
4.8
3.46
5.0
5.0
1.01
4.26
3.69
2.54
1.39
1.36
3.8
1.08
1.85
1.09
1.09
1.14
4.92
3.8
2.78
2.57
2.49
2.65
2.32
1.06
2.5
1.0
1.19
2.98
1.01
2.59
1.05
4.51
5.0
3.23
5.0
5.0
4.64
2.44
4.32
4.99
2.98
1.0
3.12
2.96
1.0
3.38
2.92
2.01
2.97
1.0
1.0
2.53
1.09
1.01
4.91
2.79
1.12
2.81
3.8
3.68
1.0
1.0
1.0
1.0
1.0
1.05
1.2
3.94
4.49
3.98
4.34
1.44
2.03
4.28
4.97
4.99
4.99
4.93
4.93
4.94
1.01
3.11
1.97
2.18
2.38
4.55
2.8
2.09
3.45
3.45
3.92
2.09
1.25
1.17
2.44
4.31
2.94
1.4
4.33
4.44
3.6
3.75
4.1
4.1
3.23
4.93
4.91
1.03
3.95
4.26
4.57
3.07
1.03
1.02
2.69
1.1
4.42
3.78
4.99
4.49
1.23
3.57
3.03
4.02
2.31
1.02
1.02
4.45
1.88
1.33
1.33
4.39
3.43
4.78
1.97
2.3
3.38
1.2
4.04
1.04
4.65
4.23
3.75
4.96
1.3
4.02
1.83
1.0
3.56
4.31
1.76
2.86
2.09
4.87
4.42
4.84
1.53
1.06
3.36
1.07
3.96
1.06
4.99
3.58
4.57
3.44
4.38
3.2
3.63
4.87
4.11
4.49
4.72
3.84
4.42
3.89
4.24
3.11
1.48
4.03
2.21
2.36
1.07
1.07
1.01
1.49
4.5
3.28
4.9
1.19
4.62
3.79
1.17
4.34
1.21
2.19
1.07
1.03
2.13
4.72
4.92
4.96
4.57
2.24
4.24
2.09
4.39
4.82
3.63
3.96
3.87
2.0
1.18
2.45
1.96
3.71
1.1
2.24
2.74
2.88
3.1
2.01
3.79
4.63
3.41
1.15
4.86
4.68
1.04
1.89
2.73
2.39
4.53
3.83
3.17
4.96
4.39
4.39
1.01
2.1
1.07
1.12
2.09
4.78
3.5
4.97
4.82
3.27
1.02
1.02
3.27
3.09
4.02
4.83
3.83
3.77
3.58
3.54
3.71
3.01
2.17
2.92
2.39
2.55
1.99
1.15
2.02
2.98
3.06
3.65
4.6
4.01
3.36
3.44
2.55
2.55
4.06
1.68
1.9
2.45
4.78
3.69
3.64
1.05
2.06
1.0
3.81
1.43
2.94
1.58
1.1
1.82
1.06
1.86
2.38
2.93
4.13
4.9
3.42
4.14
1.37
3.0
1.06
1.13
4.8
4.4
1.01
1.67
1.01
1.01
1.01
1.01
3.47
1.01
2.44
1.86
1.04
1.31
1.01
2.12
4.25
4.58
4.97
1.15
3.26
3.26
4.93
3.13
1.05
3.22
3.07
3.11
2.19
1.24
4.33
4.99
1.0
1.0
1.01
1.01
2.97
3.01
2.39
1.19
4.27
4.08
4.62
4.92
1.05
2.42
4.23
1.56
4.65
4.83
2.35
3.73
1.01
1.05
1.1
4.76
4.51
4.51
1.2
1.0
1.84
1.74
1.01
3.72
2.61
2.61
3.37
1.05
1.22
2.41
1.74
3.33
4.98
4.99
5.0
5.0
1.2
2.38
1.02
2.23
1.01
1.13
1.0
3.15
2.52
1.0
1.07
1.0
3.24
2.46
1.0
4.31
4.98
4.98
3.1
1.01
4.0
3.64
4.26
4.65
3.24
3.79
3.88
2.25
3.64
1.57
1.18
1.01
1.93
2.63
3.79
4.14
2.19
1.01
3.19
2.92
4.05
1.78
5.0
5.0
5.0
5.0
5.0
5.0
2.41
2.81
5.0
5.0
2.32
2.25
3.02
1.06
3.03
2.53
2.53
2.53
1.85
5.0
3.29
4.42
2.36
1.0
1.11
2.62
5.0
2.12
1.09
1.95
1.69
1.06
3.19
2.69
1.02
1.02
1.02
2.98
1.08
4.07
1.01
1.01
1.65
1.42
3.32
3.32
3.96
1.82
4.99
4.55
2.68
2.88
4.19
1.01
1.82
2.01
2.41
1.01
3.09
4.87
1.97
2.07
1.28
2.88
3.61
1.02
4.88
3.94
3.03
3.2
3.97
4.69
2.41
2.94
1.99
2.37
1.8
2.12
1.03
2.99
1.29
4.24
3.09
3.57
4.07
4.54
1.01
1.01
3.45
4.29
4.32
2.57
4.88
2.8
2.8
2.8
2.19
3.15
2.4
1.0
2.14
3.3
3.71
3.71
4.82
4.39
4.39
3.04
3.48
4.54
3.86
3.86
2.96
1.17
3.7
1.21
3.97
2.03
2.33
1.05
2.62
1.98
2.09
3.93
3.39
2.41
1.23
4.69
4.76
4.85
1.73
2.46
4.19
1.05
3.49
3.62
4.58
3.08
3.44
4.98
2.89
4.1
4.75
2.88
3.36
4.59
3.43
4.35
4.85
3.71
3.71
3.71
1.26
1.6
2.13
1.08
3.25
1.63
1.02
1.01
1.01
1.02
1.29
1.02
1.02
1.35
1.43
1.43
1.02
4.28
1.88
1.54
4.51
3.83
1.47
1.21
1.87
1.31
4.02
2.36
4.07
2.54
2.06
2.86
3.88
3.88
1.52
1.15
4.97
4.97
4.95
3.97
2.04
3.87
3.92
3.89
3.89
4.35
1.8
4.96
4.98
4.97
1.73
1.03
1.03
3.19
1.02
3.13
3.13
3.16
4.74
1.02
1.02
2.06
2.18
4.57
2.97
3.15
2.55
2.98
4.55
3.87
1.68
2.7
1.4
3.57
1.18
2.2
4.62
4.05
4.19
4.37
3.17
4.14
2.94
3.49
3.11
3.95
4.67
4.38
4.9
3.41
3.57
1.01
1.08
1.22
2.88
2.88
3.16
1.01
4.48
4.22
1.23
2.43
2.1
4.9
4.7
3.67
1.5
3.85
4.18
2.96
3.2
3.96
2.97
1.95
4.35
4.6
3.97
4.69
4.73
3.94
1.03
2.17
2.98
3.21
3.13
3.41
4.97
3.4
4.16
1.16
3.71
4.32
1.04
4.99
3.52
4.72
2.77
4.25
3.84
4.08
4.74
1.58
3.99
3.58
1.04
3.85
4.29
3.63
4.99
4.99
4.7
3.88
4.85
3.11
4.82
4.05
3.88
4.79
1.65
3.24
2.59
2.28
1.0
1.0
2.65
1.43
4.46
1.76
3.94
3.5
1.65
2.14
1.35
4.11
2.12
2.9
1.01
1.0
1.0
1.01
2.23
1.31
1.76
4.13
2.88
1.2
4.73
4.99
4.99
3.74
2.67
1.84
4.95
4.99
4.07
3.05
1.11
4.97
4.35
4.58
1.01
1.04
4.31
4.94
4.55
3.2
1.25
3.61
3.39
4.07
2.73
2.73
2.73
2.38
1.01
1.96
1.96
1.72
1.01
2.9
2.71
4.53
4.96
4.24
3.43
4.08
3.77
3.69
3.29
1.06
1.98
3.51
1.96
3.27
1.39
1.39
1.8
1.02
1.66
1.03
4.03
3.78
3.78
3.85
1.63
4.1
4.1
2.93
4.7
1.01
1.0
1.0
1.0
1.0
1.0
1.0
1.0
1.0
1.0
1.0
1.0
4.9
2.43
2.66
3.49
4.99
4.09
4.09
2.72
2.72
1.03
1.02
1.01
3.1
1.14
1.02
1.12
2.9
1.83
4.55
1.51
3.06
3.31
1.05
1.07
4.99
4.83
3.71
1.67
4.55
4.93
3.69
4.98
4.8
1.04
4.0
1.04
3.8
4.56
1.01
3.07
3.07
1.26
2.64
1.02
1.02
4.86
2.79
1.11
4.82
3.1
3.86
4.53
3.84
3.78
2.32
3.22
1.94
3.62
2.64
3.84
3.05
2.16
2.07
3.35
3.02
2.2
4.2
1.66
3.87
1.33
1.28
3.03
4.13
3.08
1.83
2.37
1.26
2.56
4.97
3.62
4.03
4.07
4.01
4.95
4.09
4.99
2.73
1.02
2.23
1.76
4.99
4.51
4.3
1.33
1.64
3.27
1.14
2.54
2.96
2.04
3.12
1.23
1.9
4.35
4.98
4.64
3.26
2.58
2.12
4.06
3.54
3.54
4.97
4.83
4.56
3.95
3.95
4.85
1.25
1.0
1.03
4.91
1.23
2.6
2.45
3.14
3.75
4.98
2.98
2.11
4.88
4.98
4.82
4.76
4.5
3.91
1.01
1.01
1.03
1.35
4.99
1.01
4.25
1.89
2.3
4.98
4.83
4.4
3.05
3.66
1.02
1.14
4.1
2.54
1.03
4.87
4.97
4.97
3.59
2.7
1.01
4.75
1.38
1.29
1.22
3.28
3.28
3.54
1.01
3.87
3.16
3.8
1.2
2.03
1.03
3.18
1.03
1.03
3.32
3.32
2.35
2.16
2.53
4.03
4.93
1.02
1.01
1.21
1.01
1.43
3.04
2.96
2.96
2.23
1.2
1.31
4.96
3.86
4.96
4.73
1.01
1.09
1.02
4.99
4.99
3.21
2.41
4.6
4.98
4.03
4.55
3.39
1.03
3.44
1.05
2.27
3.86
4.26
1.58
3.78
4.24
1.18
4.84
4.56
2.51
2.9
4.97
4.08
2.86
4.35
1.6
3.16
2.82
2.67
4.11
4.37
4.63
1.05
1.05
3.51
1.67
1.02
1.17
4.41
4.96
1.02
2.64
2.76
3.93
4.15
4.08
3.34
2.9
4.68
4.07
4.87
1.2
4.82
1.04
2.95
2.6
1.29
1.54
1.0
1.0
4.53
4.7
2.96
4.05
1.18
4.45
4.22
4.16
2.78
1.11
3.26
1.26
4.5
1.01
4.67
1.79
3.64
1.01
4.32
3.92
3.35
4.38
2.67
4.31
2.62
4.56
4.97
3.86
3.0
1.45
3.0
4.04
3.93
4.24
3.02
3.28
4.87
3.1
3.57
1.18
4.42
3.78
3.2
4.23
4.92
2.71
2.82
2.16
4.97
4.78
3.73
1.68
2.75
3.44
4.36
4.36
4.13
1.94
2.44
3.87
1.49
4.41
4.39
4.59
1.38
2.65
4.72
1.01
1.01
1.01
1.01
3.47
2.68
4.58
1.2
4.82
4.62
1.02
4.42
1.01
4.92
1.19
2.14
1.69
1.69
4.49
2.54
3.2
1.0
1.0
1.0
1.0
1.0
4.95
1.01
1.01
1.94
2.58
4.41
1.85
1.06
2.15
3.74
1.07
3.24
3.46
4.08
1.01
1.02
1.9
1.01
4.65
1.01
4.2
1.54
1.02
1.14
1.32
4.45
1.03
1.02
1.09
1.02
4.06
1.02
4.16
2.05
3.07
1.35
1.34
2.51
4.85
4.91
4.91
3.98
2.64
4.38
4.07
2.88
2.88
4.12
3.44
1.85
3.14
1.0
1.23
2.18
1.01
1.02
1.8
1.0
1.0
1.14
2.95
3.16
3.91
3.18
3.07
3.99
2.11
1.0
2.74
2.99
3.3
3.46
4.97
1.04
1.1
2.58
4.08
3.08
4.32
4.91
1.01
1.01
3.86
4.99
1.0
3.09
1.61
1.01
1.08
2.52
2.52
4.62
3.82
4.1
3.88
4.74
2.72
2.74
1.15
1.07
3.52
1.06
1.09
4.88
4.26
3.69
1.12
3.28
4.11
3.85
4.52
4.52
2.87
4.57
4.57
4.69
1.0
3.94
4.06
1.04
4.42
1.79
1.08
2.21
1.97
1.37
4.04
1.67
3.67
1.64
2.43
4.54
2.66
4.68
4.68
4.37
3.67
2.35
3.81
2.38
1.02
1.39
1.05
2.78
4.66
1.52
1.31
1.01
3.16
1.11
1.01
1.83
1.01
1.63
4.97
4.01
4.08
1.88
2.13
3.11
3.49
3.04
4.28
1.96
4.21
3.43
4.57
2.5
4.93
1.91
3.62
2.04
4.46
3.88
4.29
2.83
4.07
2.87
4.05
1.27
1.76
4.12
4.8
3.98
1.2
1.02
1.63
4.06
1.02
4.23
1.12
1.06
1.17
1.1
1.05
1.05
3.81
4.85
4.8
4.7
4.37
4.1
4.91
4.75
4.27
5.0
1.35
2.54
4.13
4.85
1.02
4.93
1.06
3.69
1.08
4.74
1.96
3.53
1.24
3.99
4.25
2.06
4.32
4.32
1.03
1.09
1.02
1.01
1.01
1.01
1.01
4.26
1.51
1.37
4.02
4.32
1.85
3.62
4.47
4.86
2.97
4.96
4.51
2.63
1.02
1.27
1.94
2.1
4.02
1.4
3.24
3.89
4.36
1.66
3.98
1.07
3.27
4.09
4.04
2.75
1.57
4.73
1.04
1.28
3.26
3.9
4.12
4.47
1.24
1.71
3.78
2.63
2.06
1.01
1.01
1.01
1.01
1.01
1.01
4.02
1.07
4.02
4.14
4.32
4.38
1.79
1.03
4.9
4.9
4.9
2.55
1.01
1.26
3.87
1.32
1.07
1.25
1.48
2.23
4.43
3.32
1.47
1.27
1.22
5.0
5.0
1.0
4.33
1.0
1.0
4.33
1.0
1.0
1.07
1.07
1.0
1.0
1.0
1.0
1.0
1.0
1.0
1.0
1.0
1.0
1.12
1.04
1.08
1.03
1.01
4.97
3.21
4.48
4.91
1.01
1.0
1.03
1.0
1.01
1.0
1.01
3.91
1.75
1.14
4.13
3.47
1.81
4.05
4.38
1.89
3.58
3.08
2.36
1.03
4.73
4.46
2.61
1.59
2.21
1.87
3.98
4.69
2.28
1.21
1.93
1.12
4.93
3.13
2.7
1.37
3.11
1.13
3.87
1.04
1.78
1.51
4.21
1.14
1.01
1.01
1.72
4.99
1.08
1.02
2.47
1.74
4.05
1.01
4.32
3.96
1.05
2.24
4.72
4.78
1.01
1.01
1.01
1.05
1.7
3.53
4.78
2.0
1.64
1.03
1.64
1.02
1.12
1.02
4.15
3.26
2.18
2.14
4.38
1.24
4.07
2.09
2.17
4.04
4.24
1.77
2.03
1.07
4.96
1.02
3.64
1.79
4.83
4.96
1.02
1.48
1.91
2.32
2.32
1.58
1.09
1.03
3.84
2.55
2.55
1.02
2.96
4.04
4.04
3.38
3.27
4.86
4.01
1.01
1.1
3.96
3.8
3.2
4.91
2.43
3.78
4.03
3.22
4.76
1.62
4.97
4.86
1.83
4.49
1.53
2.9
1.03
1.03
4.1
1.57
2.38
4.0
2.08
1.05
1.07
1.01
1.01
1.01
4.55
2.11
4.42
4.6
3.32
3.11
3.87
4.42
4.99
4.99
3.1
2.72
3.27
2.77
1.01
1.33
2.82
2.82
1.0
2.09
1.47
1.02
1.43
1.81
3.15
3.09
3.09
3.97
1.01
1.04
1.2
4.98
3.71
3.8
4.87
3.58
1.3
1.12
1.11
3.13
3.97
4.82
3.13
1.08
4.52
2.06
4.13
2.11
4.34
2.51
1.38
1.52
4.88
1.07
2.53
1.19
4.67
4.73
3.78
3.78
3.78
3.46
3.93
4.99
1.28
1.0
1.0
1.01
3.03
3.03
3.03
2.79
2.74
4.33
3.67
1.01
1.0
1.0
1.0
1.0
2.49
1.74
3.48
3.48
4.64
4.19
1.03
3.16
1.04
4.16
2.51
2.49
4.08
4.09
4.05
4.09
1.25
1.98
1.02
3.89
4.56
2.33
4.11
2.11
2.63
3.06
1.53
4.86
1.11
1.02
1.02
1.02
2.9
1.34
1.03
1.02
1.03
4.71
1.51
2.32
4.73
2.98
4.49
2.77
4.43
2.81
1.26
1.63
2.18
1.24
1.44
2.25
4.76
1.01
1.27
1.01
1.01
1.01
3.83
1.18
1.27
1.08
3.75
1.06
3.19
1.04
2.1
3.0
2.21
1.0
1.01
1.0
1.44
2.06
4.69
4.69
3.22
3.22
2.34
4.22
4.22
1.75
1.75
2.72
1.24
1.01
1.24
4.95
1.0
1.76
1.42
3.5
4.59
1.16
3.66
3.66
4.98
4.98
1.0
2.01
2.16
1.99
1.02
1.97
1.01
1.04
4.13
3.48
1.03
1.95
2.03
2.56
2.89
3.55
1.05
1.09
2.85
1.17
4.88
2.03
1.0
1.0
1.0
1.02
1.01
1.02
1.02
2.88
4.36
1.02
1.84
1.86
3.59
1.54
3.1
2.98
1.36
1.21
4.81
3.75
3.5
4.99
1.01
2.48
4.8
1.03
4.88
3.57
2.94
1.91
4.94
4.99
5.0
4.74
1.02
4.99
3.87
1.1
1.0
4.92
2.68
1.97
1.77
1.32
1.0
1.0
1.01
1.18
1.0
2.33
1.0
2.73
1.01
3.69
4.99
3.05
3.09
4.8
3.82
3.82
3.82
1.82
1.72
1.02
1.03
3.07
2.44
1.76
2.26
1.23
3.45
1.38
1.0
1.11
4.34
4.76
3.66
2.55
3.42
4.2
4.3
3.2
1.38
1.02
1.02
1.01
1.02
3.11
3.78
3.87
1.34
3.91
1.21
4.09
4.36
4.06
4.96
4.41
3.13
1.09
1.1
3.3
4.59
2.7
4.16
1.42
1.05
2.07
2.54
3.61
1.28
3.74
4.82
3.99
1.01
1.4
1.01
1.01
3.43
1.02
1.02
1.02
3.67
1.6
1.6
3.68
1.25
1.47
2.86
4.84
4.91
4.03
4.87
3.5
1.02
2.18
3.4
3.89
1.46
1.49
1.12
1.06
2.2
1.07
3.26
4.75
4.71
1.87
2.53
1.49
4.57
2.68
2.52
1.21
3.96
2.78
2.09
3.38
4.5
3.62
3.62
3.99
3.36
3.36
3.36
3.45
1.07
4.96
2.91
3.43
1.01
3.67
3.45
1.72
2.48
1.21
1.86
2.63
1.45
3.91
3.69
2.44
2.65
2.59
1.15
1.8
1.91
1.59
1.07
1.04
1.22
4.75
4.86
3.15
2.76
4.01
1.83
1.19
1.01
1.01
4.62
1.01
4.02
1.31
1.05
4.28
1.46
3.05
2.96
4.95
3.28
1.05
3.01
1.1
1.02
1.14
2.37
1.0
1.01
1.2
1.0
3.75
4.28
4.05
1.01
1.0
2.64
3.15
4.17
4.74
3.11
1.2
1.03
3.79
2.64
1.1
1.2
1.0
1.0
1.01
1.39
1.0
1.05
1.39
3.9
4.27
4.97
1.07
4.25
2.7
3.06
2.39
1.07
2.95
4.24
4.24
2.28
2.03
1.23
1.05
4.91
4.46
1.18
1.09
1.01
1.05
1.01
1.02
1.03
1.01
2.42
1.01
1.01
1.01
1.01
1.01
4.18
3.99
4.37
4.79
1.73
1.17
4.31
1.02
1.01
1.88
4.97
4.29
3.4
3.0
4.98
4.13
1.02
4.94
1.04
4.74
3.74
4.98
3.75
4.88
1.02
1.02
1.05
3.52
1.04
1.15
3.13
2.26
4.98
1.02
4.47
4.4
4.84
3.16
1.77
4.53
4.56
1.1
1.04
2.6
2.6
1.23
1.06
2.91
1.64
1.0
2.04
2.62
3.69
2.55
2.55
1.02
1.63
1.08
1.04
3.81
4.93
2.79
1.65
4.2
3.88
1.77
3.86
2.76
1.73
4.77
2.62
2.62
3.91
1.89
1.03
1.13
1.16
2.26
2.0
1.88
4.45
3.86
3.86
2.37
2.37
2.37
4.41
4.71
4.13
2.62
4.99
4.16
4.46
4.17
1.69
2.43
2.43
2.27
1.69
3.17
1.01
1.01
1.09
4.97
1.15
2.62
1.02
1.02
3.87
2.11
3.14
3.38
3.73
4.26
3.57
3.57
3.07
3.41
1.6
3.62
1.89
2.9
1.48
4.57
1.09
3.35
1.01
2.41
1.01
4.99
4.99
4.9
1.84
1.08
1.22
1.0
1.09
1.01
1.06
1.0
1.0
1.0
1.0
1.0
1.0
1.0
1.0
1.0
1.0
1.0
1.0
1.0
1.0
1.0
1.0
1.0
1.0
1.0
1.0
1.28
3.31
1.02
1.76
3.49
4.71
2.91
1.92
2.01
1.97
4.03
1.18
3.39
1.14
1.68
3.85
3.85
3.86
1.9
1.07
4.5
3.22
4.6
4.6
3.45
1.53
1.66
4.28
1.79
1.18
1.18
2.08
2.29
4.82
1.44
4.95
4.98
4.0
2.98
4.92
4.72
3.72
3.87
3.0
4.05
1.13
3.17
3.32
2.97
3.36
1.02
3.23
2.93
1.34
1.24
1.04
1.07
4.0
2.87
2.87
1.11
3.66
3.83
4.47
4.47
3.21
3.59
3.59
1.95
4.99
4.99
2.8
1.01
1.63
2.06
1.0
3.9
1.01
1.0
1.0
4.62
4.62
1.0
2.42
1.02
4.26
1.05
3.73
3.04
4.06
4.0
1.35
4.25
4.88
2.65
1.09
1.16
4.04
1.57
2.53
4.96
3.51
1.03
1.44
1.05
1.01
3.15
3.15
1.03
4.52
3.93
2.14
1.03
2.25
3.72
3.61
1.34
1.28
3.5
3.91
4.98
3.96
3.96
4.55
3.88
2.93
2.22
1.02
1.01
2.13
1.98
1.25
1.77
2.87
4.99
2.71
2.71
1.02
1.01
2.81
3.11
4.78
3.17
1.11
4.86
4.66
3.93
3.81
1.09
4.1
3.53
3.95
2.96
4.29
4.33
1.73
1.17
1.03
3.47
3.27
4.11
4.11
4.23
3.67
4.08
1.95
1.97
3.08
3.79
3.03
4.0
4.99
4.3
3.7
4.84
4.84
4.4
1.04
3.56
1.27
2.68
3.31
2.63
3.12
4.17
2.08
3.12
1.0
3.95
3.39
1.02
4.99
1.28
4.91
1.17
3.47
1.44
1.6
1.87
4.41
3.49
3.33
2.96
4.99
1.13
2.28
4.98
3.5
1.0
1.02
3.24
1.96
2.13
3.66
2.27
2.65
1.13
3.95
1.0
1.23
2.68
1.59
4.44
3.41
2.95
1.82
4.54
4.69
1.89
1.03
1.06
4.93
1.05
2.08
4.97
4.97
4.89
4.89
4.89
3.55
1.02
1.4
4.64
1.64
1.05
1.22
1.51
4.61
1.56
1.92
1.57
4.75
4.3
1.3
1.3
1.94
1.08
1.02
1.03
1.21
1.21
1.21
1.48
4.47
1.81
4.17
1.94
1.51
2.74
3.36
4.54
1.24
2.74
2.83
1.33
1.46
3.71
2.9
2.98
3.84
4.92
3.3
3.66
3.7
1.07
1.92
4.96
4.79
4.91
4.17
2.38
2.88
4.99
1.22
3.75
4.18
2.2
2.32
2.91
4.96
3.94
3.87
1.01
1.37
2.11
3.22
4.84
2.07
2.43
1.02
3.68
3.14
1.0
1.03
1.42
1.01
1.86
4.89
4.83
3.34
1.01
1.01
1.06
3.37
1.02
1.77
1.46
4.23
3.18
4.06
3.7
3.98
3.04
1.04
1.03
2.66
2.23
1.71
4.85
3.03
3.03
3.03
1.04
1.2
1.03
3.85
1.61
4.06
4.09
3.76
2.81
4.2
3.28
3.28
1.5
2.7
1.99
1.01
1.01
1.49
1.12
2.34
2.3
1.01
1.01
4.46
3.3
3.82
3.86
3.86
3.96
5.0
3.84
1.05
3.0
3.0
1.01
3.37
3.37
3.37
2.56
4.43
4.33
4.33
4.33
3.09
2.09
1.84
4.98
2.76
1.51
2.68
5.0
1.4
3.07
2.08
3.28
3.03
3.35
3.35
2.77
3.79
3.93
4.82
4.88
4.21
2.9
1.01
1.84
2.89
5.0
4.98
4.73
1.2
1.58
2.84
2.92
3.87
1.88
1.85
3.41
3.9
1.47
1.9
2.86
3.93
2.23
1.35
1.51
4.96
3.77
4.81
1.77
1.42
1.06
1.04
3.53
3.36
3.36
3.15
1.01
1.39
2.55
1.01
4.3
2.06
4.81
2.39
2.39
1.27
2.3
4.72
1.18
3.96
4.38
1.09
3.75
4.76
1.01
1.44
2.12
3.57
3.4
1.26
4.4
3.44
4.11
1.47
4.38
2.5
4.65
3.7
4.31
4.66
4.64
3.77
1.71
1.27
1.01
1.04
1.01
1.08
4.15
2.5
1.08
4.86
1.08
1.9
2.68
3.33
1.04
2.69
1.03
2.4
4.61
4.88
1.19
1.02
4.92
3.12
1.22
3.28
3.28
4.75
3.01
2.02
1.01
1.14
1.28
1.32
2.36
4.68
4.67
4.65
1.47
1.03
1.53
4.87
2.58
4.61
4.71
2.76
4.93
4.99
4.56
4.3
4.39
3.63
2.01
2.01
3.57
4.66
4.24
3.82
4.79
4.41
2.22
4.65
4.99
3.88
4.16
4.83
2.42
4.35
1.59
4.65
3.78
4.5
4.95
4.92
5.0
3.49
3.55
3.55
3.55
3.55
4.85
4.41
4.41
3.52
3.52
1.1
1.68
2.29
1.33
2.37
3.75
4.54
3.06
1.16
2.8
2.03
1.13
4.79
1.09
2.43
3.38
1.03
1.59
2.59
2.01
3.49
1.13
3.31
3.31
2.87
3.68
3.62
3.17
1.26
1.07
4.94
1.03
4.28
1.67
3.99
4.13
3.27
4.9
3.89
3.78
3.33
4.71
4.84
1.69
1.59
4.97
1.04
3.78
3.78
3.11
1.03
3.88
1.03
4.08
1.11
4.43
1.06
4.05
4.77
4.73
3.49
1.93
1.05
4.79
3.17
1.55
1.03
3.92
4.34
4.07
3.79
2.34
1.26
3.34
4.51
4.1
3.05
4.33
5.0
4.99
4.33
1.67
1.23
1.69
1.0
1.67
1.0
1.47
1.84
2.94
1.05
4.93
4.07
4.89
3.22
4.69
1.79
3.4
4.69
4.75
4.04
4.98
4.98
4.36
4.03
3.9
3.9
3.9
4.99
1.04
4.46
1.0
1.49
4.99
1.2
1.02
1.05
1.01
2.25
1.36
4.79
4.79
2.51
4.24
1.23
1.08
1.06
1.64
4.39
1.02
1.14
4.47
2.28
4.01
3.14
3.89
2.91
3.74
4.09
3.11
3.07
2.86
3.37
4.99
3.27
3.98
3.98
3.02
4.9
1.0
1.01
1.0
1.0
4.97
3.07
4.83
4.76
1.03
1.03
3.33
4.35
2.43
3.88
4.08
1.44
1.19
4.97
1.93
3.05
1.06
2.03
1.18
1.12
2.46
3.47
3.36
1.01
2.9
3.0
4.06
2.0
3.46
4.16
4.41
4.53
3.61
3.92
1.38
2.18
1.04
2.42
2.01
3.24
1.14
1.2
1.0
1.0
1.0
1.0
1.0
1.01
1.01
1.01
1.01
2.94
4.83
4.43
1.71
1.02
4.32
3.78
4.9
4.0
2.11
4.77
1.04
1.02
1.02
4.52
4.34
1.63
1.05
2.27
1.11
2.4
2.52
1.0
1.0
1.0
3.55
3.15
3.96
2.27
4.99
4.99
4.99
4.98
4.98
3.3
4.33
1.0
1.0
2.17
4.28
4.34
3.28
1.0
1.3
3.58
2.16
3.88
3.88
2.99
2.99
2.99
1.0
1.01
4.98
1.87
4.97
2.12
1.34
2.61
3.75
1.01
3.64
1.69
3.49
1.01
1.04
1.01
1.01
1.27
4.33
3.68
4.31
1.01
1.01
1.01
1.18
4.85
2.33
4.93
1.25
1.04
4.95
4.89
1.19
3.03
4.93
3.18
4.27
3.44
4.14
3.6
3.59
1.58
2.14
3.64
3.7
1.49
1.21
1.01
1.3
4.44
1.01
3.56
1.03
1.05
1.2
1.02
4.85
3.76
1.09
4.16
4.04
3.44
3.44
2.44
1.09
4.08
4.99
3.12
4.98
4.91
4.96
4.96
4.98
1.2
1.2
1.2
1.0
1.07
1.0
1.86
1.01
1.04
3.9
3.34
2.9
1.45
3.57
1.1
4.92
1.24
1.56
3.58
4.56
1.31
1.02
4.33
1.8
1.0
1.0
1.0
1.0
1.0
2.33
2.33
4.79
1.06
1.15
3.83
3.87
3.48
3.49
3.24
3.21
3.21
2.88
1.0
3.42
3.92
1.27
3.5
1.0
1.18
2.51
3.8
4.74
4.09
1.0
4.11
1.33
4.65
4.24
4.27
3.03
2.3
2.16
2.16
1.23
4.96
1.08
1.75
2.37
2.22
4.25
1.47
4.98
1.01
1.05
4.45
4.53
2.72
4.38
3.18
3.31
4.92
1.41
4.74
4.74
3.05
1.15
2.39
2.13
1.57
3.87
3.15
1.04
3.68
1.11
2.14
3.84
3.26
4.74
1.07
4.59
4.58
4.58
4.99
3.55
4.99
4.99
4.94
1.09
4.9
1.01
2.25
2.48
4.62
4.62
3.29
3.29
4.16
2.95
4.59
2.13
2.78
2.84
2.72
2.15
1.01
3.23
1.1
2.85
2.57
1.02
1.52
2.35
1.14
1.17
4.16
1.02
1.01
1.03
4.92
4.68
3.81
4.05
3.56
3.56
2.48
3.92
2.93
3.68
3.68
3.39
3.76
3.97
2.88
2.11
1.3
1.72
1.04
2.18
2.94
1.0
2.85
2.27
1.0
3.34
3.26
1.57
1.02
3.74
2.9
1.51
4.23
3.01
2.14
1.21
3.45
2.07
4.84
2.43
2.34
4.78
4.78
1.8
3.68
1.96
2.92
3.9
4.84
3.3
1.83
4.88
4.42
3.54
1.23
1.09
4.12
1.86
2.15
4.13
3.3
4.06
1.72
4.82
1.95
4.91
1.97
1.25
1.01
1.01
3.4
4.44
4.63
4.89
4.0
1.06
1.06
1.06
1.07
4.01
3.88
4.54
2.13
1.01
3.9
4.0
1.01
4.25
4.23
1.01
1.01
4.0
2.57
2.71
1.48
1.15
1.92
2.14
2.7
1.11
3.86
1.76
1.1
4.75
3.12
3.23
4.85
4.76
4.93
3.34
1.03
1.78
4.62
1.59
4.11
1.28
1.35
4.22
1.85
4.1
3.77
1.69
4.8
3.08
3.99
1.95
4.25
2.41
3.96
4.54
4.2
3.76
1.43
1.19
1.37
1.0
1.0
3.83
3.6
3.85
4.82
3.94
4.21
4.06
2.57
3.91
3.51
3.34
1.74
4.68
2.86
1.34
2.26
1.02
1.02
1.95
3.75
3.8
3.21
3.25
3.31
2.02
3.99
2.11
2.27
1.69
3.1
4.9
1.07
4.96
4.98
4.64
1.25
2.88
1.19
3.34
4.62
1.28
4.15
3.53
2.76
3.11
4.2
3.86
2.2
3.87
3.92
4.02
1.65
4.31
2.29
4.01
3.91
3.81
3.4
3.4
2.41
3.17
2.06
1.28
2.81
4.98
4.88
2.58
3.9
3.9
1.0
1.03
1.13
1.0
1.0
1.0
1.48
1.03
1.04
1.7
1.0
1.02
2.11
1.0
1.25
1.0
1.0
2.35
4.92
3.67
4.3
1.33
1.33
1.87
1.39
1.81
1.04
3.9
2.48
2.45
1.11
2.52
2.49
3.72
4.24
4.13
1.04
1.29
3.69
2.78
4.25
4.25
4.33
4.7
3.83
1.01
1.02
1.1
4.36
1.78
4.73
3.94
4.78
4.93
4.9
3.8
3.78
4.58
4.58
1.01
1.01
4.88
1.26
1.14
4.93
1.41
1.01
1.56
2.15
3.58
1.0
1.0
1.0
1.0
1.0
1.0
1.0
2.29
4.14
4.86
3.14
2.94
4.5
4.4
4.3
4.07
4.07
4.13
4.37
4.37
4.37
4.61
3.21
2.73
2.04
1.13
4.48
4.13
1.94
2.98
3.78
4.64
4.14
4.42
1.09
1.5
1.77
2.8
1.71
1.66
3.59
1.94
1.09
1.43
3.37
1.51
1.22
1.23
4.2
1.4
1.63
1.86
1.35
3.09
1.03
3.24
1.37
3.1
4.55
1.02
1.32
3.39
1.99
1.7
3.53
4.04
3.62
3.02
1.17
1.67
1.03
4.33
2.33
1.01
1.0
1.0
1.0
1.0
1.01
1.01
1.01
3.66
4.33
4.99
1.62
3.66
3.66
4.33
1.74
1.74
1.0
1.0
1.0
1.0
1.0
1.0
1.01
1.0
4.27
4.17
1.96
3.1
4.88
1.96
1.23
1.04
1.2
4.97
4.99
3.29
1.01
1.15
1.25
4.84
1.97
3.99
3.11
2.81
3.98
2.79
2.79
1.01
1.01
3.17
2.63
4.11
4.93
1.07
3.14
1.55
2.75
2.75
1.0
2.44
1.44
4.52
3.27
3.76
1.05
4.39
1.13
4.43
2.15
1.64
4.93
4.22
4.99
3.91
3.91
4.18
3.84
4.25
4.07
4.62
4.98
4.63
4.63
3.65
3.05
4.73
4.27
2.94
1.2
3.49
1.92
4.92
3.13
3.63
2.26
1.04
2.87
4.32
3.91
3.63
3.63
3.62
4.0
1.69
4.37
4.06
3.86
4.31
3.55
4.32
4.98
3.89
3.29
4.55
3.17
4.74
3.24
3.24
4.35
4.35
4.33
3.21
4.14
3.51
3.66
1.23
4.92
2.18
4.79
4.7
3.43
4.78
4.7
4.47
2.56
4.59
4.44
4.07
1.28
2.66
4.63
3.96
2.95
1.04
3.9
4.22
4.16
1.05
1.04
1.76
4.45
2.88
1.92
3.22
4.92
4.97
2.96
4.69
1.88
2.68
2.46
2.38
2.76
1.19
1.01
1.65
1.02
1.0
2.71
1.0
2.45
1.67
1.23
2.47
1.0
1.0
2.85
1.2
2.94
1.94
1.63
1.0
2.19
4.94
4.94
3.98
2.02
4.45
3.59
1.03
4.41
4.95
4.02
4.02
3.92
4.33
1.07
2.85
4.54
3.8
4.96
4.99
4.24
4.09
3.75
1.52
1.01
1.0
1.0
1.01
1.0
1.0
1.0
3.95
4.14
3.83
1.04
1.11
1.92
2.67
3.15
1.1
1.9
3.61
1.53
3.98
4.77
1.05
1.11
1.03
3.96
2.25
3.44
3.93
4.93
2.98
4.03
1.02
4.85
4.34
2.12
3.4
4.59
1.02
1.02
4.73
3.25
3.24
3.8
3.8
4.02
1.41
4.81
1.28
2.7
1.25
1.0
4.19
3.66
3.59
1.63
1.43
1.59
4.02
1.08
1.46
1.21
1.01
1.02
3.05
3.05
3.0
1.13
4.99
4.99
4.96
1.01
1.06
1.01
1.1
2.45
1.33
1.38
1.21
1.03
1.01
1.01
4.35
4.33
4.95
4.17
4.1
2.32
3.02
1.71
2.15
1.0
1.33
1.0
1.0
3.89
2.34