4.33
5.0
4.33
5.0
1.0
1.01
1.01
1.77
4.92
4.95
1.02
3.12
4.91
4.91
1.04
1.76
1.04
4.53
3.19
4.95
1.01
2.1
1.01
1.14
1.12
1.19
4.3
2.32
2.8
3.16
1.01
1.07
1.01
3.34
2.86
1.15
1.46
1.04
1.02
4.96
2.5
1.03
1.03
2.43
1.0
1.0
1.0
1.0
3.19
4.9
1.23
1.11
2.45
3.63
4.66
4.92
4.95
3.89
2.45
4.81
4.21
2.33
4.42
3.38
3.96
4.08
4.3
4.52
4.52
4.52
4.0
4.8
2.91
3.95
2.07
2.07
4.84
3.53
4.3
4.75
3.89
2.57
3.82
4.67
4.92
3.76
3.76
3.43
4.02
1.45
3.89
3.37
2.32
1.01
3.96
1.01
3.12
1.0
2.66
3.41
3.28
2.55
4.9
4.07
3.52
1.84
3.26
1.6
1.0
1.42
3.82
2.81
4.97
3.95
1.45
4.13
5.0
5.0
5.0
4.99
1.02
4.99
1.03
4.32
3.59
1.45
3.48
1.62
3.55
3.96
2.38
3.56
4.48
3.44
4.03
4.98
4.04
4.3
3.11
1.01
4.22
2.59
2.87
4.05
3.91
2.66
1.43
1.01
2.47
3.89
3.32
1.05
1.03
2.44
4.32
3.63
4.31
4.96
3.36
4.22
1.39
1.01
4.98
1.01
1.28
1.22
1.09
1.57
1.59
1.62
1.2
1.01
1.01
1.01
3.39
1.04
4.31
4.64
1.06
2.01
1.05
4.56
1.8
4.97
4.27
4.96
1.48
1.06
3.52
1.01
3.7
3.39
2.97
3.79
4.82
3.03
3.72
3.09
5.0
4.97
3.75
4.31
4.98
3.65
5.0
5.0
3.72
3.72
5.0
2.87
2.87
1.0
3.68
1.07
1.0
1.0
1.0
1.0
3.64
1.0
2.92
1.0
1.0
3.56
2.03
1.01
3.89
4.6
4.98
4.98
4.23
4.28
2.52
1.16
1.02
1.16
3.6
4.59
2.44
2.15
3.85
3.85
3.56
3.56
3.84
1.01
4.21
4.94
1.04
2.87
2.36
2.91
2.8
1.28
4.11
4.11
3.7
1.33
4.42
4.45
2.91
2.81
1.06
1.02
3.11
4.1
2.05
1.02
1.42
1.06
1.81
4.98
1.02
4.86
1.0
5.0
1.01
1.29
4.99
4.56
4.6
4.38
4.82
3.03
5.0
4.98
2.44
2.44
1.03
1.0
2.51
1.0
1.01
1.0
1.0
1.67
1.61
1.0
1.0
1.0
1.0
1.0
2.35
2.35
2.35
1.0
1.01
1.0
1.0
1.0
1.02
1.02
1.19
4.73
4.98
3.34
1.15
1.0
1.0
1.01
1.01
3.39
1.0
1.06
1.0
2.07
1.93
3.64
1.09
2.2
1.12
3.29
4.62
1.34
1.35
4.83
4.22
4.28
3.94
1.02
4.84
1.01
3.04
3.19
1.73
2.43
2.43
1.0
1.01
1.01
1.0
1.0
1.0
1.0
1.0
1.05
3.82
3.49
4.25
3.28
4.32
1.01
1.01
2.42
4.89
3.36
1.35
1.01
1.02
1.99
1.26
1.33
4.74
1.25
2.93
3.54
1.17
4.02
2.31
4.53
3.07
2.08
2.07
4.29
3.11
1.26
1.2
4.74
4.07
1.03
2.24
4.95
1.03
1.68
3.12
2.92
1.43
4.81
4.44
3.3
2.91
4.11
4.11
2.88
4.16
3.18
3.36
2.99
2.43
3.0
1.8
3.47
1.39
2.51
4.1
2.92
4.28
4.88
1.0
3.91
4.19
3.97
4.94
1.02
1.03
1.02
2.51
1.08
2.72
1.27
1.27
4.99
1.04
1.21
4.96
1.1
1.05
1.01
1.02
1.0
1.0
1.0
4.18
4.18
4.15
1.03
3.62
1.02
1.04
1.19
1.19
1.02
1.01
1.01
1.01
1.01
4.19
1.75
1.06
4.02
1.32
4.46
4.74
1.07
3.92
1.07
1.19
2.34
4.44
1.84
3.81
3.48
3.3
3.21
2.68
1.06
1.94
1.94
2.18
2.04
3.49
2.95
4.4
1.93
2.38
4.44
1.05
1.06
1.03
2.69
5.0
5.0
4.33
4.33
5.0
1.0
1.0
1.0
1.0
1.0
1.78
1.0
1.0
1.0
1.0
1.0
1.0
4.79
4.79
3.84
5.0
4.99
5.0
1.08
1.01
4.51
4.32
5.0
4.99
1.81
1.02
3.4
1.01
1.02
4.99
4.82
1.03
4.57
2.08
1.63
1.67
4.87
1.39
1.73
1.01
1.69
1.01
1.01
4.97
1.03
4.97
4.97
4.96
3.57
4.21
4.99
1.01
1.47
2.33
1.07
1.91
1.01
1.07
1.3
1.01
1.53
1.01
1.01
2.35
4.33
4.33
1.0
1.0
1.0
1.05
1.05
1.0
1.0
4.99
1.0
1.41
1.41
1.01
1.01
1.0
2.65
2.65
4.44
3.87
4.72
2.61
3.88
3.55
1.01
4.16
2.39
1.01
1.01
1.0
4.12
3.14
1.11
2.55
2.07
4.39
4.75
4.65
4.34
4.15
4.15
2.84
1.92
3.85
3.83
1.33
1.05
4.68
1.15
3.23
1.89
2.06
3.15
4.72
4.37
4.04
2.84
1.75
2.01
3.59
2.79
4.96
4.73
3.31
2.93
4.56
1.08
1.02
4.98
4.71
4.96
3.97
1.03
1.03
1.02
4.97
4.97
4.91
4.25
1.06
1.07
1.06
2.86
3.98
4.84
3.68
3.68
2.06
1.01
2.74
1.01
2.43
3.95
2.01
4.95
3.09
4.37
1.01
4.87
3.19
1.01
1.67
4.9
1.0
4.19
2.02
2.02
4.68
4.77
2.95
3.57
2.37
1.75
1.01
4.12
1.36
4.04
1.03
1.2
1.02
2.17
4.52
4.07
3.86
2.79
3.39
1.63
3.77
3.71
3.71
1.09
3.8
2.29
2.79
2.02
4.19
3.43
1.19
1.35
1.92
4.39
1.65
1.62
1.05
4.12
4.92
3.29
4.81
3.46
4.16
1.03
1.03
1.04
4.01
1.38
1.1
4.1
4.06
3.23
4.63
1.09
1.16
1.5
4.99
4.99
4.87
4.99
1.05
3.24
2.36
1.15
2.56
2.55
1.02
1.01
2.82
1.0
1.82
2.05
1.97
1.98
1.01
1.35
1.63
1.0
1.0
3.66
2.06
2.94
1.21
2.0
1.82
1.0
3.01
1.0
1.12
1.01
2.21
1.21
1.22
1.0
3.06
1.05
1.08
2.12
3.35
3.33
1.09
2.3
2.34
5.0
4.99
4.33
2.11
1.01
1.01
1.8
1.0
1.65
1.25
1.71
2.52
2.74
4.3
1.0
1.0
1.01
2.01
2.83
1.43
1.82
2.02
3.43
2.34
4.99
3.15
1.6
4.89
1.02
3.5
1.02
2.56
2.56
1.57
1.03
3.39
4.5
3.14
4.09
1.76
1.02
4.88
4.94
4.89
4.12
2.96
1.9
2.73
2.46
3.05
3.99
1.55
2.35
2.25
2.17
2.17
4.56
1.09
3.31
1.01
3.46
1.01
4.71
2.03
4.9
3.91
2.75
1.16
3.47
4.54
4.54
2.11
2.11
4.08
1.03
1.62
3.38
1.01
1.95
1.95
1.03
1.22
4.95
3.08
4.19
1.61
1.65
2.63
4.48
2.83
3.52
4.62
1.19
2.95
1.8
1.6
4.25
1.39
2.23
1.48
4.58
1.02
4.48
3.12
3.9
4.69
4.48
1.54
1.83
4.53
2.68
4.24
3.35
2.8
3.05
1.09
4.25
1.18
1.02
1.06
3.47
3.16
1.09
1.01
4.2
3.6
2.89
2.89
1.01
1.86
2.97
2.95
3.58
1.97
1.5
1.1
3.34
1.49
4.33
1.78
4.53
4.98
2.41
4.9
3.24
4.98
1.07
3.75
1.1
3.71
1.59
1.44
2.12
3.25
3.61
1.03
4.31
1.01
2.84
1.25
2.84
4.87
1.03
1.02
1.02
1.03
1.01
3.13
3.11
1.19
1.06
1.36
1.36
1.02
4.34
1.13
1.13
1.14
1.0
4.63
4.63
4.41
4.41
4.41
1.67
1.01
1.03
1.73
1.0
1.0
1.0
1.04
1.03
2.78
1.12
3.07
4.03
4.03
2.52
1.04
4.76
4.18
3.61
3.61
2.98
2.76
3.44
4.04
4.85
2.13
3.51
1.02
3.57
2.37
4.98
4.75
3.95
3.95
4.54
4.79
4.98
2.31
3.57
3.8
5.0
2.81
3.55
3.66
2.81
1.02
2.2
4.9
2.45
1.95
1.03
2.01
1.45
1.8
1.22
5.0
1.0
1.06
1.67
3.42
1.24
1.01
4.7
3.89
1.88
2.27
2.02
3.49
1.49
3.63
2.79
1.44
2.82
1.81
2.39
2.34
1.57
3.73
4.28
4.92
4.96
4.97
1.29
3.81
1.05
2.34
1.41
2.96
1.72
4.34
4.99
2.83
1.02
1.0
2.02
2.02
1.04
1.01
1.0
1.0
3.05
3.92
1.57
3.02
2.27
1.16
4.18
3.92
4.33
1.0
1.0
1.0
1.0
1.0
1.0
1.0
1.0
1.0
1.0
1.0
1.0
1.0
1.0
1.0
2.77
1.67
2.43
1.08
1.11
1.0
1.0
1.0
1.0
4.59
4.43
4.87
4.17
4.34
3.73
3.11
3.32
4.99
4.9
3.61
4.18
4.1
3.82
3.22
4.27
4.27
4.62
2.92
2.97
2.81
4.84
4.29
4.29
2.91
4.96
2.86
4.71
3.87
4.84
2.88
5.0
3.43
3.37
4.78
1.07
1.07
4.16
5.0
3.66
3.18
1.02
3.39
3.73
1.27
3.75
1.41
3.71
1.33
2.99
3.74
4.97
1.06
1.65
4.92
2.96
3.41
4.98
2.05
1.42
1.74
1.04
1.07
3.08
4.06
4.91
1.04
3.96
1.04
4.33
1.01
4.32
2.98
1.0
2.96
1.0
2.98
1.01
1.0
1.75
2.48
2.92
2.53
2.53
2.53
2.53
1.29
2.83
1.01
4.99
1.67
1.01
1.07
4.8
4.3
4.28
1.86
1.17
1.69
4.86
3.88
4.91
1.0
1.0
1.0
1.0
1.0
3.07
3.39
4.61
4.34
1.92
4.34
3.95
1.76
2.23
4.3
1.4
1.38
2.56
4.45
3.65
1.12
4.07
3.99
3.45
4.77
3.92
3.92
4.88
1.04
1.7
2.69
1.04
1.76
4.33
1.2
3.65
4.88
4.97
3.23
1.04
3.41
4.07
4.66
4.35
1.05
1.13
1.04
1.66
1.94
1.23
1.16
1.13
3.1
3.3
1.31
4.77
4.81
4.21
1.12
4.22
1.09
3.79
3.79
1.61
4.68
4.14
1.92
3.52
4.61
1.96
1.45
2.16
3.14
1.55
1.01
1.01
2.99
2.1
3.07
4.97
3.28
1.68
1.02
2.27
2.79
1.04
4.69
2.26
2.26
3.2
4.78
4.84
4.97
2.76
3.8
4.42
3.94
3.94
3.94
3.78
4.57
1.22
4.16
4.36
1.85
1.06
3.33
2.09
1.01
4.1
3.83
2.96
1.55
1.13
1.4
4.3
4.39
2.88
1.69
1.04
4.03
2.31
1.58
2.82
2.45
4.97
1.06
1.05
4.72
4.49
3.82
1.85
3.84
3.14
4.12
3.16
3.63
3.85
2.9
2.46
2.96
4.79
4.94
1.85
1.35
3.67
2.74
1.46
3.2
1.01
3.68
4.0
4.63
2.86
2.9
2.83
2.83
3.89
3.89
1.36
4.09
1.15
3.7
3.41
4.23
1.87
1.46
2.71
1.06
3.25
1.03
1.38
3.73
1.02
1.02
4.96
2.45
2.45
1.01
1.03
2.76
1.02
4.08
4.81
3.96
2.26
2.74
1.33
1.76
1.48
1.15
4.92
4.94
4.98
4.89
4.99
2.21
2.52
1.02
1.3
4.55
4.26
3.87
4.01
3.77
2.29
1.01
2.36
1.22
2.98
4.09
1.1
3.18
3.22
4.04
3.85
4.2
2.5
2.79
3.93
3.54
1.1
2.43
1.04
2.08
3.66
1.01
1.68
2.11
3.75
4.23
1.86
1.0
3.86
3.98
1.66
4.23
1.94
3.86
3.22
4.42
4.03
1.19
1.01
1.18
2.66
1.03
1.02
1.01
3.12
1.63
4.95
4.79
3.73
4.62
2.51
1.1
3.11
4.21
4.1
1.1
4.76
4.99
4.99
1.0
1.0
1.01
4.99
1.84
2.63
3.74
1.22
2.49
4.61
3.03
1.02
2.09
1.15
3.15
3.1
2.86
4.95
4.33
4.22
4.91
3.54
4.94
1.25
2.82
1.13
3.87
2.99
2.9
4.28
3.69
3.02
2.67
2.05
4.17
1.05
3.39
1.13
1.01
1.03
3.64
1.01
1.01
4.03
1.68
3.33
1.09
4.09
1.92
1.01
3.0
1.01
1.19
1.01
1.02
4.57
4.12
3.72
3.37
1.84
1.74
4.24
4.63
1.91
1.91
2.65
3.37
3.28
2.91
2.91
2.98
1.24
2.58
1.0
1.02
1.17
1.01
1.87
1.51
4.65
4.68
4.83
2.43
1.23
4.11
4.94
4.38
1.17
2.6
3.21
2.52
3.05
3.67
3.67
2.19
4.05
4.89
2.99
2.92
1.45
4.14
3.29
4.5
5.0
5.0
5.0
5.0
5.0
4.99
3.02
3.02
2.87
2.14
2.14
1.85
4.95
1.02
2.03
1.45
4.98
1.21
1.37
1.33
1.21
5.0
3.0
1.02
1.01
4.79
1.28
4.76
4.81
2.72
1.86
1.02
1.02
1.02
1.02
2.53
2.45
3.33
1.01
1.01
1.01
1.14
4.06
3.7
4.99
4.16
4.93
4.99
4.47
4.22
4.99
4.1
3.9
4.95
4.01
4.57
4.94
3.94
3.84
3.84
4.97
2.06
4.99
1.71
1.66
4.26
4.02
4.02
2.27
4.72
3.34
1.91
4.48
1.03
3.4
3.03
3.09
3.15
3.29
2.42
2.72
4.86
3.92
1.04
2.45
2.07
1.92
1.81
2.83
1.95
4.55
2.1
3.3
1.01
1.01
1.01
4.28
4.29
3.17
3.2
2.26
3.6
2.14
2.14
4.7
3.71
4.54
4.54
3.86
1.2
1.38
3.66
1.35
1.0
3.58
1.84
1.0
1.02
1.0
2.11
1.24
4.85
1.2
3.29
2.97
1.56
1.55
3.8
1.12
1.32
4.22
3.85
2.96
4.79
4.79
3.44
3.44
1.72
4.14
2.88
3.74
3.73
4.35
3.72
4.06
4.64
1.01
2.6
2.82
1.88
1.07
1.01
1.01
3.43
2.04
2.13
1.61
1.01
3.03
1.28
1.04
4.61
4.56
1.01
1.89
1.43
1.03
1.02
2.83
1.17
3.26
3.26
3.26
2.78
1.38
2.23
3.52
3.52
3.52
3.95
4.95
4.96
1.02
1.01
1.01
3.03
1.49
1.11
1.92
4.13
3.73
1.05
4.43
1.22
4.45
4.98
1.03
1.02
1.07
4.47
4.66
1.33
4.14
2.49
1.12
4.64
4.92
4.05
4.05
1.37
2.93
3.9
4.37
3.04
1.12
4.02
3.01
4.55
2.33
3.94
4.93
1.04
1.45
3.55
2.26
2.54
2.92
2.92
2.92
3.57
2.18
1.02
1.01
1.01
2.86
4.38
4.62
4.19
4.25
1.03
3.73
4.74
3.95
3.41
3.5
3.84
3.39
2.62
4.04
1.34
3.38
1.38
4.58
4.24
1.04
1.07
4.16
1.83
2.15
4.48
3.09
4.79
2.16
4.5
1.07
3.79
3.21
4.44
4.52
2.33
1.63
3.18
2.72
3.7
1.02
1.19
1.33
3.71
1.29
4.1
1.03
1.01
4.66
2.53
4.96
1.03
2.09
4.43
3.78
1.22
4.72
4.72
4.72
3.94
4.44
4.44
2.74
2.74
4.47
1.17
4.99
2.55
4.1
1.01
3.18
1.12
3.5
3.5
1.86
1.46
3.77
3.85
3.85
1.13
1.98
3.7
4.78
4.78
2.41
4.99
4.99
2.26
4.64
4.7
3.88
3.88
1.13
3.75
4.01
4.91
4.95
1.43
2.73
2.73
3.8
2.44
3.89
1.83
1.0
2.11
3.2
2.55
3.5
2.09
1.03
4.1
3.0
2.08
4.07
3.36
2.17
4.73
4.93
4.99
4.99
4.1
3.02
2.53
2.52
2.5
2.0
1.13
3.69
3.69
4.35
1.43
1.06
1.01
1.01
1.73
4.17
4.25
4.17
1.94
4.22
4.22
2.38
2.01
2.36
1.01
4.09
1.11
1.01
1.24
2.98
3.88
4.65
4.24
4.86
4.7
4.08
4.82
3.03
4.93
1.94
3.85
4.4
1.86
4.21
2.89
1.05
1.06
3.11
4.03
1.8
1.03
1.66
1.02
1.03
4.09
4.74
2.78
3.7
4.27
3.78
1.09
4.13
2.0
2.28
1.01
1.0
1.01
1.0
1.0
1.0
1.0
1.0
1.0
1.0
4.5
1.76
1.16
3.49
4.98
1.01
1.01
4.09
3.9
1.03
1.03
1.02
1.15
1.86
4.55
1.11
1.05
1.04
4.48
4.24
4.34
2.69
1.08
1.02
1.32
1.1
4.96
2.59
1.45
4.53
1.06
3.55
4.95
3.5
4.09
2.7
4.93
4.47
1.34
1.01
4.0
4.84
3.84
4.91
3.85
3.78
2.79
4.06
3.94
3.09
3.28
3.63
2.51
1.03
3.67
4.98
4.05
4.39
1.61
3.98
2.97
1.76
1.76
2.29
3.03
4.08
4.92
1.95
2.69
4.65
3.18
3.65
4.13
4.98
4.96
1.79
4.74
4.57
2.45
4.91
4.79
1.07
4.43
4.97
3.66
4.24
4.98
1.07
1.24
4.82
4.97
4.34
3.82
4.94
4.4
4.78
4.88
1.14
1.89
2.98
1.11
1.07
4.96
4.22
3.53
4.39
3.03
4.44
4.92
1.48
4.25
3.76
4.18
1.06
1.48
3.66
4.16
1.78
1.3
4.39
4.98
4.96
4.14
3.88
1.16
4.41
4.15
3.96
3.96
3.52
2.23
3.23
4.21
4.21
1.0
1.0
4.99
2.41
1.63
4.75
3.33
1.07
2.88
3.75
3.62
3.59
3.32
4.69
4.67
1.78
1.26
2.89
4.6
1.92
4.03
4.79
4.79
1.03
1.01
3.37
1.01
4.07
1.04
4.26
4.87
3.91
4.96
2.61
1.01
2.11
4.89
2.64
4.98
3.86
1.01
1.01
1.52
2.39
1.39
1.91
4.94
4.23
1.1
3.1
3.24
1.71
1.19
4.42
2.62
1.75
1.02
1.02
4.19
1.52
4.84
4.5
4.86
4.9
4.77
3.88
4.98
3.36
4.31
3.96
3.8
3.93
2.35
4.1
4.9
3.1
3.23
3.89
4.44
1.41
1.28
4.92
4.37
4.94
1.79
3.65
4.22
4.56
1.42
1.18
1.13
1.59
4.97
1.02
4.96
4.76
4.83
4.25
2.78
2.79
4.35
3.45
1.65
4.5
4.91
4.89
1.36
4.87
1.05
1.1
1.82
2.83
1.08
2.84
1.0
1.0
1.0
1.0
3.29
4.28
1.62
1.09
4.68
4.06
4.02
3.43
1.09
1.99
4.04
3.09
2.06
1.01
4.08
3.1
1.69
2.35
1.47
4.22
4.17
3.96
4.25
2.38
3.84
3.92
4.69
4.89
3.0
3.66
3.62
3.02
4.08
1.06
1.98
3.06
2.12
2.19
1.52
4.82
4.87
4.93
4.07
3.3
2.34
4.36
3.78
4.83
2.54
4.18
1.6
3.46
4.04
4.19
3.9
3.78
4.72
1.52
1.04
1.08
3.11
2.82
2.54
3.17
1.14
4.7
1.01
1.01
1.01
1.01
1.01
3.47
1.07
1.06
1.25
2.48
3.4
4.67
4.67
1.02
2.19
1.37
2.46
1.51
3.04
2.36
1.34
1.83
3.01
1.04
3.22
3.2
1.23
1.0
1.0
1.0
1.0
1.0
1.01
1.01
4.88
4.0
1.14
3.65
3.65
4.4
1.21
1.01
2.91
4.24
3.54
1.08
2.45
3.9
2.94
3.9
4.46
3.32
1.28
2.06
4.25
2.92
4.49
4.45
4.84
3.11
4.31
4.45
3.97
4.03
4.84
4.87
3.97
2.84
2.19
4.86
4.91
3.49
3.13
2.28
2.99
2.64
1.42
4.91
4.19
4.19
3.29
4.95
4.69
3.44
4.99
1.62
3.07
1.8
1.02
1.44
1.0
1.38
3.46
3.13
3.26
3.94
3.03
4.99
3.01
4.99
4.99
2.01
1.02
3.95
4.3
1.21
1.77
2.34
1.12
4.01
4.54
3.33
1.03
4.99
4.08
3.06
1.27
1.27
3.31
2.99
3.11
1.91
1.07
2.18
3.97
2.97
4.58
3.08
1.01
2.16
4.62
4.72
3.59
3.75
4.3
1.01
3.74
1.06
4.81
4.98
4.98
4.98
1.68
3.6
4.24
1.05
4.89
1.52
2.59
3.42
4.0
1.25
1.73
4.75
4.75
2.87
2.87
4.57
4.57
4.14
4.14
4.57
4.57
1.79
1.02
1.0
1.01
1.0
4.96
4.95
4.95
4.36
4.8
3.69
1.01
4.16
2.08
1.36
1.07
2.17
4.99
2.66
4.91
3.27
4.97
4.72
2.35
2.41
4.95
1.15
1.04
2.65
3.0
1.36
2.08
1.39
3.55
3.49
2.12
1.75
4.2
4.48
4.97
4.03
4.18
3.66
1.68
3.97
4.65
1.75
3.57
1.97
3.22
4.89
2.59
4.97
1.9
1.85
1.44
1.94
4.95
3.7
3.7
2.25
1.43
4.5
1.06
4.49
3.43
1.02
1.02
1.02
1.12
1.07
4.6
3.67
4.93
4.22
4.41
4.95
4.99
1.66
1.66
4.43
2.01
3.09
4.98
2.84
1.18
1.02
2.09
1.03
4.49
1.31
1.1
2.04
4.14
4.34
3.15
2.17
4.85
1.01
1.3
3.56
1.1
2.98
2.71
1.05
4.02
1.64
4.43
1.03
1.06
2.01
2.74
3.31
1.62
1.94
1.76
3.21
3.85
4.76
1.52
2.99
3.84
1.8
3.42
2.85
3.18
2.2
4.09
3.14
3.02
4.39
2.75
3.29
3.12
4.47
3.7
3.7
4.87
4.12
4.48
4.79
3.97
4.23
3.74
2.62
3.98
1.12
1.07
4.14
1.01
1.01
1.01
1.01
1.53
2.14
1.37
1.07
3.98
2.34
1.85
1.71
1.04
4.06
1.01
3.01
3.88
2.9
2.88
1.95
2.78
2.92
1.44
1.22
1.04
1.05
1.11
4.01
3.96
1.16
1.37
1.31
1.78
1.1
5.0
1.0
4.41
1.0
1.0
1.0
1.0
1.0
1.0
1.0
1.0
4.52
4.4
2.6
3.22
2.96
2.84
1.3
4.33
4.74
4.91
2.51
1.05
1.01
3.02
2.99
1.01
1.0
1.01
1.0
4.78
2.86
1.04
1.07
1.07
1.07
1.06
2.0
4.53
4.64
2.56
4.63
3.58
3.58
2.34
4.24
2.04
4.7
4.11
4.21
1.28
2.57
3.51
3.96
2.22
1.37
4.12
4.96
4.86
3.67
4.55
1.69
2.48
4.9
4.64
4.66
1.03
1.03
4.72
4.8
3.37
1.01
1.01
4.1
4.33
1.08
4.99
1.02
2.24
3.38
4.15
4.47
4.47
4.35
1.02
1.32
1.01
3.8
4.92
4.17
2.2
1.96
2.18
2.0
1.64
2.24
1.01
1.02
3.37
2.15
4.56
1.82
1.77
3.17
1.83
3.59
4.2
3.64
1.02
2.0
4.49
1.26
3.61
4.39
3.3
4.77
4.89
1.46
1.5
3.28
3.3
2.4
3.47
3.74
2.87
1.02
1.19
4.1
2.0
3.55
2.56
4.87
1.76
2.99
2.4
1.06
4.48
1.49
4.13
4.48
4.73
3.13
2.89
1.05
3.15
4.97
4.17
3.69
4.86
1.14
4.56
2.9
1.03
1.23
1.02
1.65
1.03
1.03
4.28
1.02
3.02
1.35
4.02
1.06
1.05
3.18
1.01
1.01
3.62
4.55
1.14
1.15
4.42
3.11
1.75
2.44
4.42
4.99
4.99
3.1
2.77
2.77
2.77
4.68
2.31
1.06
1.06
1.96
1.01
1.08
3.26
1.01
1.03
1.09
1.07
1.0
2.83
3.05
2.69
4.76
4.22
3.76
1.07
4.97
1.82
1.36
3.97
1.24
4.14
4.03
3.22
1.97
3.77
4.94
3.64
1.01
1.02
4.61
2.84
3.13
4.04
3.93
1.84
4.53
1.68
1.69
2.6
2.07
1.11
1.1
1.23
4.88
4.21
3.8
3.46
4.28
3.82
3.08
4.41
3.93
3.93
2.11
2.16
4.06
1.01
3.03
2.79
2.24
2.09
2.14
4.33
1.0
1.13
1.01
1.0
1.58
4.71
2.8
1.38
1.15
1.78
1.02
2.87
2.24
1.03
4.35
1.25
3.31
4.25
3.03
3.3
3.66
4.15
4.69
2.85
3.21
1.36
1.7
3.05
2.07
4.05
3.29
4.7
4.7
4.4
4.76
3.97
3.67
3.67
3.12
4.65
1.48
4.48
2.95
2.95
3.83
1.03
3.85
1.03
3.04
2.7
3.96
4.37
4.28
3.34
1.02
4.72
2.56
1.18
4.85
2.94
4.98
4.35
1.01
1.02
1.55
3.84
1.63
1.93
1.02
1.95
1.01
3.93
3.43
3.9
2.36
2.22
2.25
3.83
3.83
1.08
1.27
1.07
1.34
1.26
3.75
2.84
3.19
1.04
1.06
3.67
3.0
3.82
1.01
1.01
4.62
2.85
2.61
4.25
4.69
4.33
4.02
4.02
4.02
1.67
4.22
1.0
1.03
1.17
1.02
1.01
3.5
2.34
2.04
3.53
2.07
2.79
4.11
1.23
3.66
3.66
3.66
4.98
4.98
4.98
3.29
1.07
1.02
1.01
1.02
1.01
1.18
1.01
2.0
1.03
1.04
2.02
1.04
2.01
2.02
1.41
1.17
4.88
1.0
1.89
1.02
4.59
3.63
4.2
1.01
3.44
3.41
3.45
1.58
1.09
1.12
2.47
2.47
1.01
1.01
1.01
1.01
2.15
2.61
1.03
4.74
4.98
4.77
4.76
1.2
1.91
1.26
4.98
2.86
3.95
2.94
4.99
4.63
1.41
1.58
4.14
1.18
3.64
3.12
3.81
1.36
1.0
2.43
3.4
1.24
3.61
4.99
4.99
4.5
4.06
3.05
4.47
3.03
1.0
1.01
2.44
1.45
1.53
1.01
1.0
1.13
1.0
1.01
1.06
1.09
4.93
4.96
4.75
4.42
4.17
2.86
4.73
2.77
2.77
3.36
1.93
1.01
1.28
3.24
1.61
1.02
3.67
4.0
3.86
3.87
1.35
4.07
4.01
1.27
3.27
4.12
2.21
4.87
1.04
2.61
3.99
4.08
4.05
1.2
1.37
1.01
1.01
1.01
1.01
1.01
3.6
2.36
2.07
1.05
3.45
4.9
4.11
1.02
1.6
1.19
4.33
3.43
1.01
1.03
1.02
1.02
1.02
3.67
1.04
1.3
1.02
1.02
1.06
1.02
3.97
1.19
1.28
4.86
4.02
4.02
3.45
1.52
3.02
4.4
4.32
1.48
4.1
1.02
3.95
4.83
3.93
2.12
1.05
1.29
3.0
1.09
2.86
4.94
1.18
2.92
1.03
1.82
3.56
1.25
1.15
1.94
1.74
4.61
2.99
1.67
3.05
2.71
2.28
3.38
4.5
4.73
4.73
4.71
3.61
1.45
3.45
2.66
1.02
1.74
1.4
4.46
4.46
2.28
1.14
2.44
2.44
2.44
3.75
3.81
3.11
2.24
2.02
1.24
2.03
1.76
2.93
1.13
2.76
4.01
1.79
1.79
1.02
1.94
1.01
1.01
1.04
1.04
4.9
1.02
2.72
2.19
2.14
1.49
1.34
1.45
1.47
1.43
3.28
3.84
4.33
4.23
3.94
1.07
1.01
2.15
2.44
1.82
1.0
1.0
1.0
1.01
2.16
1.01
1.07
2.3
3.63
2.9
3.07
1.0
4.56
4.9
1.97
1.02
2.24
3.97
1.02
1.11
1.62
4.39
4.39
4.99
1.02
1.0
2.71
1.0
1.01
4.94
1.05
1.06
2.57
1.05
1.35
4.52
2.33
4.1
1.12
2.9
3.74
1.04
1.28
4.55
1.03
4.91
4.32
4.15
1.06
1.12
1.02
1.01
1.01
1.01
1.01
4.18
4.95
4.76
4.37
4.79
1.08
2.19
4.46
1.09
3.66
1.02
1.03
2.02
2.03
4.7
1.83
1.47
4.38
4.99
4.98
4.93
3.06
4.48
4.37
4.99
4.99
4.85
1.01
1.58
3.13
1.01
3.24
1.16
4.05
4.94
1.04
1.23
4.01
4.75
3.18
2.31
3.03
3.31
4.14
4.41
1.1
4.02
2.61
3.0
2.27
3.01
1.01
3.58
1.64
3.71
2.35
2.0
3.1
4.98
3.7
1.11
1.02
2.42
1.06
1.11
1.04
1.36
1.11
2.83
1.57
2.44
3.55
1.24
3.29
3.09
4.75
4.99
1.0
2.45
2.89
3.46
4.99
1.2
1.47
1.01
1.0
2.24
2.38
4.98
4.95
4.41
1.03
3.25
3.7
1.31
3.53
1.01
3.07
4.82
4.17
2.19
2.35
1.02
1.03
4.96
1.01
1.63
4.36
4.38
3.54
1.05
4.19
3.59
4.69
3.87
3.3
3.39
2.79
4.18
1.34
4.02
4.63
3.62
1.01
3.39
1.04
1.02
1.01
4.33
4.9
4.9
3.83
3.09
3.09
1.0
4.13
1.01
4.94
1.0
1.0
1.0
1.0
1.0
1.0
1.0
1.0
1.0
1.0
1.0
1.0
1.0
1.0
1.0
1.0
1.0
1.0
1.0
1.0
4.07
4.18
4.04
2.76
2.15
2.86
2.07
4.73
4.76
1.99
1.5
4.26
2.97
3.45
3.45
3.37
4.43
3.98
1.79
2.84
3.85
1.72
3.87
1.02
3.27
1.03
4.82
2.97
1.07
1.15
1.15
1.43
1.05
1.04
3.45
4.93
4.11
2.54
3.22
1.08
1.89
4.96
2.18
2.56
4.25
3.03
2.4
3.98
3.84
2.84
1.48
2.9
4.88
1.65
2.82
1.01
1.18
2.19
4.2
4.52
4.64
4.97
3.61
1.02
1.02
1.54
1.31
3.83
1.58
3.93
4.39
3.46
3.17
3.35
1.25
4.46
3.5
1.0
3.67
4.5
3.11
1.48
3.93
1.91
1.07
1.17
4.06
1.04
3.28
3.56
1.99
1.99
4.15
2.16
3.75
2.65
2.37
2.08
1.76
4.02
4.42
2.87
3.08
4.56
2.88
3.47
2.16
4.02
4.62
3.16
4.85
1.06
3.62
4.04
2.23
4.62
1.08
1.02
2.19
4.04
3.5
4.98
3.31
3.31
3.96
2.33
1.69
1.21
1.69
1.01
1.02
2.71
2.09
4.9
4.9
4.88
3.11
4.78
4.78
1.91
1.06
1.25
1.04
3.36
4.1
3.28
3.09
1.67
4.52
1.08
1.12
1.11
4.4
1.2
4.74
1.05
3.72
4.26
4.32
3.67
1.02
1.42
1.95
3.81
1.25
1.84
4.06
3.75
3.08
3.79
1.12
4.25
2.97
1.01
3.08
1.99
1.01
2.75
3.7
3.7
3.7
4.5
1.87
1.25
4.1
2.21
1.29
3.63
4.19
3.65
3.01
4.55
4.82
2.57
4.99
2.42
1.77
1.25
3.87
3.78
1.89
1.8
2.31
3.03
4.86
3.06
1.53
3.98
1.0
1.01
1.93
3.14
4.83
3.34
3.02
3.25
4.48
4.02
3.11
4.93
1.05
4.1
2.45
1.04
3.46
3.91
1.64
1.51
2.37
1.56
4.01
1.68
1.03
1.06
1.51
3.0
2.06
4.07
2.42
1.03
2.88
4.21
3.02
3.41
4.09
4.04
3.3
4.85
3.86
3.7
2.06
1.06
4.68
1.42
3.74
4.94
4.94
3.91
4.66
4.72
3.03
4.01
2.83
2.83
3.22
2.87
4.07
2.23
3.75
2.2
3.51
1.02
2.86
4.0
1.49
2.03
1.01
1.02
1.01
1.21
1.03
1.01
1.01
3.68
1.05
3.0
5.0
3.02
3.43
1.0
2.22
3.31
1.49
1.0
4.37
4.18
4.67
4.87
4.83
3.53
1.02
3.71
1.02
1.09
4.58
4.24
1.01
2.46
4.18
3.45
1.02
1.03
1.82
3.72
2.99
4.62
2.53
1.06
1.06
3.46
1.8
1.03
3.28
4.89
4.26
2.91
2.3
2.06
4.6
1.01
1.21
3.28
1.11
1.67
1.01
1.02
1.02
1.65
4.98
5.0
4.46
4.46
3.3
4.43
3.13
3.67
3.67
3.67
3.67
3.82
3.82
3.86
3.96
3.57
3.57
1.23
4.21
1.22
1.0
2.56
2.56
1.22
1.0
1.0
4.38
4.38
4.77
3.09
3.89
1.62
1.25
1.39
2.46
1.09
1.88
4.58
3.17
3.14
3.34
5.0
2.08
2.08
4.99
4.79
3.08
2.47
4.99
3.58
4.2
2.1
4.84
2.9
4.42
1.57
1.92
1.03
1.06
2.91
2.62
1.02
1.61
1.82
4.14
4.55
4.53
3.01
2.65
4.92
4.96
4.4
4.96
3.56
3.96
4.2
3.88
4.99
1.05
4.2
3.75
3.66
3.0
2.88
3.4
3.4
1.01
3.42
2.84
2.56
2.4
3.42
3.18
1.94
2.02
1.02
1.29
1.22
1.17
2.65
1.18
3.58
1.15
1.01
3.67
3.34
3.46
3.41
2.49
1.34
3.08
3.7
4.65
3.78
3.78
2.63
2.63
3.23
4.95
1.01
3.64
1.02
1.97
1.02
2.9
2.9
2.18
4.79
2.7
4.22
4.95
1.06
3.59
1.02
1.02
2.63
4.88
4.08
2.77
2.72
4.95
3.17
1.07
4.25
3.26
1.05
4.68
1.03
1.01
3.81
4.62
2.8
2.34
4.33
4.15
1.93
4.11
3.24
4.3
4.93
1.01
1.01
3.76
4.28
1.02
1.01
2.93
3.63
3.63
3.94
2.01
4.65
4.79
4.16
4.74
4.83
4.83
4.99
4.89
4.65
4.08
3.97
4.57
3.24
3.24
4.01
3.94
2.56
4.95
4.92
3.86
3.49
3.49
4.77
4.55
3.68
4.41
4.41
3.99
3.85
1.1
2.26
1.45
3.3
1.0
4.05
1.52
1.34
2.59
2.59
1.58
1.0
3.12
1.71
3.07
1.95
3.99
4.93
4.97
1.27
1.28
1.66
3.46
4.85
1.06
1.99
3.35
1.19
4.64
4.97
1.87
2.81
4.85
4.32
4.81
4.54
3.9
4.86
2.54
4.95
4.93
3.49
1.03
4.88
2.73
2.03
4.05
4.76
3.28
3.93
4.48
4.33
4.33
4.33
5.0
4.33
4.67
5.0
1.0
1.67
1.67
1.0
5.0
1.0
1.67
1.19
4.33
1.41
1.4
3.16
3.16
4.01
4.11
4.53
4.99
2.05
4.75
4.04
4.04
4.98
4.98
4.98
1.02
1.01
2.99
4.53
1.19
3.3
1.09
1.0
1.0
1.0
1.0
4.47
1.73
1.02
1.12
1.02
2.13
1.13
2.24
2.51
1.21
2.84
3.73
3.73
4.18
1.34
4.12
1.97
4.47
1.18
1.03
4.44
1.26
1.34
4.76
3.98
1.0
2.47
3.16
4.33
1.6
1.94
2.37
1.0
1.0
3.28
4.87
4.76
4.17
3.33
4.19
1.2
4.08
4.29
1.02
4.97
2.28
4.74
4.86
2.03
1.03
1.51
1.09
2.46
4.61
1.36
4.11
1.33
2.99
3.94
3.15
2.13
3.33
4.51
4.63
2.93
4.28
3.87
3.11
1.06
4.14
4.52
3.24
3.84
1.0
1.0
1.0
1.0
1.0
1.01
1.01
1.01
1.01
1.01
1.01
1.01
4.46
4.62
4.16
3.95
3.48
4.12
1.02
2.83
3.56
1.48
4.22
1.97
4.32
1.01
1.57
2.71
1.76
1.02
1.02
4.52
3.84
3.84
3.2
1.03
2.52
1.09
1.0
1.0
3.55
4.18
3.3
4.32
1.0
1.0
1.0
1.0
1.0
1.0
3.38
1.0
3.78
2.98
1.0
2.65
1.0
3.88
4.2
1.0
1.0
2.99
1.0
4.05
1.03
1.12
1.1
1.56
1.03
3.94
4.95
3.55
1.87
1.01
1.17
1.02
2.79
4.98
4.73
4.6
4.52
4.81
4.3
1.01
1.01
1.01
2.94
2.02
3.57
4.35
4.43
4.59
1.7
4.95
1.01
4.33
4.85
3.86
1.04
4.28
3.85
4.74
4.88
4.92
1.04
3.85
4.96
1.03
4.93
4.97
4.04
1.51
1.03
1.04
1.03
2.17
4.98
1.01
1.02
4.66
4.94
4.97
3.29
1.02
1.09
1.71
2.86
3.22
4.89
3.93
3.85
4.06
1.59
3.35
2.26
2.87
4.98
4.99
4.98
4.79
1.2
1.0
1.0
1.0
1.0
1.0
1.16
1.0
1.0
1.0
1.01
1.01
1.0
5.0
1.01
4.93
3.9
2.77
3.34
2.63
3.27
2.65
1.8
1.27
1.02
1.51
3.4
1.68
4.9
4.95
1.18
2.98
3.58
1.78
1.03
1.04
1.02
4.71
3.97
4.84
1.44
2.91
2.45
4.14
4.89
5.0
4.32
1.0
2.33
1.0
1.0
1.0
1.45
3.92
1.42
1.18
1.01
4.31
1.0
3.12
1.02
4.08
1.0
3.97
1.34
4.58
1.73
4.11
3.8
3.06
4.25
4.08
4.45
2.09
2.13
2.8
1.04
2.8
2.8
3.99
4.24
4.56
1.08
1.98
2.21
1.83
4.74
1.28
4.4
1.11
1.27
4.73
1.95
4.99
4.99
2.34
4.58
4.99
3.55
3.55
4.94
4.99
2.06
2.06
4.49
4.99
1.16
4.8
1.03
4.87
1.01
1.36
3.82
1.01
4.18
4.81
4.62
4.95
3.29
3.29
3.03
3.03
2.84
3.63
4.16
4.88
4.71
4.79
2.54
3.65
4.59
2.78
1.54
1.8
1.01
1.35
3.07
1.03
1.16
3.44
4.24
4.86
2.63
3.89
1.01
1.23
1.02
4.86
4.24
4.41
2.24
4.21
2.75
3.5
3.09
3.95
3.99
3.99
2.48
3.97
3.98
3.7
3.41
3.63
2.93
1.0
3.09
1.85
1.01
4.15
1.19
2.95
2.33
2.72
4.31
2.11
2.35
2.02
1.0
3.11
2.94
1.08
1.8
1.41
4.22
2.97
1.02
4.64
1.35
2.09
2.63
2.63
4.35
1.64
2.3
1.73
1.88
4.15
2.67
1.03
1.27
1.03
3.69
2.54
4.79
4.73
3.8
4.04
3.97
4.71
3.61
4.09
2.52
3.1
3.58
3.18
2.17
1.39
1.01
1.01
1.01
1.01
1.01
4.58
4.77
1.94
3.81
1.05
4.06
4.19
1.41
1.74
3.72
3.72
1.01
3.9
2.95
4.0
4.86
4.99
2.39
3.66
4.23
1.01
1.01
1.01
1.01
1.23
4.26
1.5
3.36
1.51
4.64
3.58
2.77
2.37
2.3
1.03
2.06
1.02
1.97
1.81
4.3
4.8
3.77
4.25
2.55
4.27
1.12
1.2
4.17
4.07
1.01
2.91
4.6
1.16
2.0
3.13
3.19
4.71
4.16
3.76
4.29
1.01
1.03
1.11
1.11
1.05
1.0
1.09
3.22
1.0
2.9
1.31
1.0
4.0
3.67
1.03
4.96
4.21
2.94
2.94
2.57
4.6
3.06
1.03
4.65
2.78
3.25
4.76
1.3
1.31
3.8
2.88
1.52
4.62
1.27
1.27
1.44
4.84
4.68
1.02
1.12
2.48
2.24
4.02
1.37
2.12
4.19
1.81
4.31
4.33
3.19
2.48
2.48
3.81
2.41
4.58
4.6
2.71
4.99
1.28
2.81
2.34
4.99
4.88
4.88
4.88
4.88
2.58
4.98
4.98
2.68
3.9
3.9
3.9
3.46
1.4
4.99
4.99
4.99
2.99
1.33
1.0
2.17
1.0
1.1
1.0
1.85
1.0
1.0
1.0
1.66
1.02
1.0
1.62
1.15
1.47
1.83
1.01
1.63
4.44
1.56
3.7
4.8
3.23
3.72
4.24
4.45
2.55
1.05
1.02
1.49
1.08
1.05
1.18
3.74
4.83
1.11
1.29
1.01
1.37
1.06
4.38
4.89
4.85
3.85
2.71
4.95
2.94
3.58
4.12
3.78
3.78
2.72
4.05
1.19
1.29
1.01
1.15
3.54
4.26
1.3
1.01
2.66
1.0
1.0
1.0
1.0
1.0
1.09
3.45
4.05
4.25
3.54
4.27
4.07
3.13
4.13
4.37
4.45
4.45
3.81
1.97
3.64
3.64
4.32
1.39
4.48
3.93
4.26
1.04
1.04
1.03
1.02
3.89
2.87
1.02
3.1
4.75
3.99
4.02
3.75
1.78
2.15
1.75
2.65
2.83
2.62
1.51
1.15
3.7
4.82
1.29
3.71
1.04
3.07
1.89
3.2
1.85
1.02
1.02
3.56
1.02
1.02
4.07
1.79
2.07
2.86
1.21
1.34
2.56
4.22
2.94
1.67
4.18
4.96
1.03
4.96
5.0
4.99
5.0
4.33
1.02
1.0
1.0
1.79
1.0
1.67
1.58
1.67
1.01
1.01
1.01
1.01
1.0
2.08
1.4
4.55
4.78
3.03
4.96
3.8
4.99
3.18
1.02
1.04
2.12
4.42
3.29
1.03
1.03
3.63
3.63
4.46
4.86
1.02
1.64
1.01
1.41
3.17
1.68
4.96
1.01
1.15
1.01
1.01
1.03
2.92
1.29
1.53
3.05
3.05
3.84
1.97
2.9
1.05
4.23
4.08
4.88
4.97
4.97
3.01
4.9
4.02
4.97
3.16
4.29
4.77
4.73
4.73
4.73
4.22
2.32
3.02
3.97
2.79
1.18
4.94
3.83
1.15
4.73
3.97
1.84
2.07
4.93
2.9
3.53
3.92
2.26
1.72
3.05
1.31
4.08
1.07
3.38
3.38
1.01
2.95
4.11
3.88
4.97
4.8
3.24
4.05
4.36
4.35
4.33
1.12
3.51
1.02
1.38
1.01
4.96
2.5
1.01
3.32
1.02
1.35
1.17
3.12
4.31
2.25
4.13
4.16
3.42
1.04
4.59
3.81
1.36
4.73
3.64
1.82
4.85
4.36
2.16
2.19
4.16
1.91
1.02
2.05
2.88
5.0
2.51
3.3
4.68
2.7
1.97
2.93
4.64
3.57
3.98
3.98
1.0
1.0
1.13
1.0
3.55
1.0
2.0
3.16
2.07
1.02
1.47
1.84
3.66
1.59
1.0
1.23
4.69
1.01
2.96
4.88
3.27
4.4
4.95
4.79
3.63
1.72
4.3
4.3
4.3
4.02
4.33
4.33
4.4
2.49
1.06
1.02
1.07
1.02
3.85
1.04
3.08
1.02
1.03
3.8
4.33
3.88
4.14
4.24
1.13
1.01
1.0
1.01
1.0
1.0
1.13
1.13
1.37
4.26
3.7
1.1
1.34
3.74
1.04
4.18
1.05
2.16
1.03
1.03
1.02
1.95
3.01
4.29
3.77
4.77
2.75
2.59
4.94
1.03
4.23
4.7
2.54
4.78
1.81
2.01
1.02
1.02
1.02
1.02
1.02
3.91
3.25
4.96
3.86
4.32
4.95
3.38
1.41
1.41
4.81
1.0
1.01
3.59
1.81
1.0
3.17
1.04
1.01
1.02
1.13
1.08
1.92
4.0
4.87
1.02
1.01
1.0
3.58
4.7
1.03
1.73
4.4
4.73
4.35
4.64
4.83
4.95
4.1
4.16
1.64
1.71
1.0
1.0
1.0
2.24
1.37
1.01