5.0
1.0
1.01
1.77
2.09
1.02
1.01
1.01
1.01
1.0
1.0
4.32
4.32
1.01
1.01
4.4
4.58
1.03
1.02
1.02
1.04
4.25
4.68
4.08
4.94
1.03
4.12
4.94
1.24
4.63
1.04
2.13
4.9
1.18
1.96
2.95
1.13
3.16
3.16
3.16
3.79
1.26
3.05
1.33
3.69
4.31
1.32
2.04
1.0
1.0
1.0
1.0
1.0
1.0
1.0
1.08
4.23
3.84
1.59
4.95
4.5
4.98
4.58
5.0
4.2
3.65
4.8
4.42
4.0
4.04
4.04
4.51
4.63
3.7
3.29
4.26
2.12
2.59
2.19
3.97
3.97
4.17
4.92
2.15
4.73
1.0
3.05
1.33
1.4
4.7
2.82
1.5
1.19
2.56
1.0
1.51
1.11
2.72
1.0
3.19
2.31
4.83
1.19
2.59
3.83
2.91
1.0
2.33
1.71
2.08
2.04
4.03
1.84
1.37
3.55
4.76
3.03
4.98
5.0
5.0
5.0
5.0
4.34
4.98
4.33
4.99
2.79
4.32
4.32
4.32
2.43
4.08
2.82
1.32
4.46
1.25
4.96
4.85
1.74
4.22
3.18
3.43
2.26
4.08
1.07
3.06
2.04
3.03
4.8
4.99
4.87
4.16
2.46
4.97
4.21
3.02
1.54
3.03
2.49
1.36
3.6
3.17
2.04
3.67
1.11
4.85
1.01
2.0
1.19
1.06
1.01
1.45
4.75
2.38
1.22
4.79
1.72
1.44
4.39
4.72
4.5
2.0
1.21
1.01
1.01
2.52
1.05
4.25
4.64
1.82
1.96
4.78
4.97
4.8
4.43
1.02
1.01
1.01
1.31
2.95
2.08
4.21
3.43
2.87
2.87
3.74
3.74
3.74
3.21
1.0
1.0
1.01
1.0
1.03
4.01
1.18
1.0
1.06
1.0
1.01
3.84
1.09
4.32
1.21
1.02
1.01
3.93
3.64
3.39
1.88
3.93
4.01
1.9
1.07
1.02
2.66
3.97
3.6
2.22
3.86
1.14
2.51
3.84
1.78
1.03
3.99
4.81
1.3
1.07
3.29
1.06
3.09
1.64
3.65
3.12
1.27
2.07
3.7
3.54
3.34
1.14
1.11
4.98
4.83
3.47
4.33
3.66
4.23
3.09
3.06
1.03
1.68
1.1
4.69
1.03
4.99
4.98
5.0
1.55
4.99
2.54
1.13
1.0
1.0
1.46
4.58
5.0
5.0
4.14
4.6
4.76
3.88
3.0
3.76
4.98
5.0
5.0
5.0
5.0
2.51
1.0
1.82
1.0
1.0
1.0
4.99
1.0
1.03
1.0
2.06
1.0
1.39
1.0
1.12
2.35
1.01
4.96
1.02
1.49
1.0
1.19
5.0
5.0
1.41
1.88
1.0
2.54
1.11
1.14
1.01
1.13
1.11
1.11
1.82
1.13
1.13
1.0
1.01
2.93
3.87
3.13
2.92
1.07
4.31
4.31
3.02
1.15
1.07
1.01
1.0
1.0
1.0
1.0
2.62
4.96
1.04
3.49
1.12
3.28
4.32
1.01
4.81
2.41
3.93
2.94
1.04
4.65
4.52
1.35
1.93
1.01
3.79
1.26
1.01
3.88
1.01
3.03
4.19
3.26
1.73
1.35
1.45
3.09
3.74
3.76
3.76
1.22
3.51
3.11
1.04
1.91
1.9
1.37
4.78
1.03
1.03
4.37
1.02
3.16
1.08
1.02
4.93
1.31
4.01
1.84
4.01
4.04
3.14
3.0
1.0
3.6
3.6
3.84
3.94
3.03
3.53
3.17
2.7
2.22
4.65
1.0
2.73
4.99
3.64
1.87
1.87
1.19
3.91
1.17
3.94
3.29
4.19
4.97
4.97
1.02
1.02
1.98
3.67
1.02
1.02
1.0
1.0
1.0
4.18
4.03
2.34
1.02
4.19
1.67
1.75
2.94
4.56
4.4
1.75
1.04
1.06
2.98
1.04
1.03
1.16
3.79
1.74
1.14
1.05
1.28
1.04
1.02
1.02
1.02
4.4
1.02
1.01
1.09
1.02
4.11
4.07
1.08
3.96
5.0
5.0
1.0
1.0
1.0
1.0
1.0
1.0
1.0
1.0
1.0
1.0
1.0
4.98
5.0
5.0
3.73
4.78
5.0
1.81
4.21
5.0
1.68
1.87
1.01
3.86
2.46
2.44
1.03
4.34
2.56
1.01
4.96
1.11
4.54
4.15
3.92
2.67
1.04
1.0
1.11
1.16
1.02
1.31
4.96
4.92
2.38
1.48
1.01
1.04
4.27
4.59
1.33
1.02
3.88
3.96
1.29
1.4
4.85
1.01
1.32
1.01
4.85
1.02
1.59
2.29
3.34
2.12
1.4
4.33
5.0
5.0
1.0
1.0
1.0
1.0
4.58
1.41
4.99
1.72
2.65
2.65
3.11
2.41
3.6
1.09
3.02
1.04
2.15
1.01
2.14
1.0
1.13
1.97
3.58
1.92
3.21
2.64
2.77
1.25
3.55
4.23
2.04
1.03
1.26
4.38
4.62
2.01
2.75
1.42
1.14
3.1
1.64
4.79
2.47
1.27
4.5
3.46
1.75
1.11
1.11
4.93
1.07
3.81
1.15
1.18
3.2
4.84
3.62
4.06
3.24
1.01
2.99
1.32
2.13
1.24
4.74
4.82
4.96
3.89
1.0
1.01
1.01
4.99
1.24
4.49
3.77
1.0
1.08
1.69
3.92
2.95
3.56
3.26
2.55
3.53
1.05
1.02
3.51
1.42
1.44
1.35
1.0
3.8
3.79
2.17
3.75
1.0
1.01
1.06
1.07
2.94
2.12
1.18
1.12
4.34
4.81
2.94
3.29
3.01
3.04
3.26
1.05
1.04
3.29
1.04
4.74
1.23
1.05
4.98
1.48
4.59
2.09
2.32
1.31
1.63
1.02
1.17
1.17
1.81
1.52
1.14
1.57
1.03
2.0
3.05
2.73
2.22
1.21
2.25
4.53
1.04
3.62
2.49
2.49
2.54
2.54
1.03
1.0
1.14
2.43
2.53
3.33
3.72
2.3
4.33
4.99
3.24
4.33
4.99
2.11
1.16
4.99
1.01
1.0
1.07
1.0
1.01
1.48
4.65
1.14
1.98
2.88
4.79
3.84
2.34
2.55
2.16
2.81
2.67
4.37
3.16
1.02
1.26
1.13
1.83
2.13
4.93
1.01
1.02
1.01
3.64
4.75
3.71
3.23
2.5
3.18
3.3
3.52
3.52
1.01
1.39
1.56
4.49
1.02
1.03
1.08
4.27
4.84
4.35
4.4
1.19
2.93
4.94
4.19
4.87
4.88
4.11
1.84
1.95
3.92
1.84
1.23
1.2
3.76
4.07
3.02
1.0
1.0
1.0
1.0
1.0
1.0
1.0
3.94
4.82
4.28
3.17
2.69
1.03
3.83
2.87
1.02
1.12
1.03
1.01
2.94
1.03
1.03
2.77
2.88
3.3
4.87
2.05
1.56
4.54
4.95
4.29
3.85
3.95
4.98
1.71
4.37
1.17
1.01
1.95
3.34
1.01
4.84
1.04
2.63
4.74
1.04
1.84
2.98
4.06
3.18
1.72
1.02
3.21
4.7
4.93
1.8
1.23
1.07
1.83
2.58
2.15
1.88
1.07
1.01
1.01
1.01
4.92
4.12
3.26
4.29
1.01
1.02
2.15
1.11
2.81
4.93
1.97
4.01
3.09
1.09
1.42
4.27
3.7
2.25
1.78
2.22
4.96
2.69
3.24
4.16
4.16
1.01
1.12
1.45
1.01
4.98
1.01
2.43
2.43
1.96
2.92
1.01
1.01
3.22
4.74
1.21
1.01
2.62
1.02
1.02
4.72
3.02
4.25
3.82
4.14
3.41
3.24
1.01
1.06
1.02
1.02
3.22
4.38
3.03
3.03
3.03
4.41
1.04
1.18
1.0
1.01
1.11
1.0
1.71
1.71
1.0
1.0
1.03
3.13
1.1
1.08
1.1
1.07
1.86
1.51
1.79
1.48
1.74
1.38
4.48
1.9
2.01
2.72
2.72
3.29
1.84
1.89
1.0
3.24
2.74
2.73
4.03
3.95
2.52
4.62
4.75
4.99
3.65
2.59
5.0
3.55
3.39
3.39
3.66
2.56
3.05
3.05
2.97
2.22
2.02
2.52
4.98
2.84
1.86
1.12
1.66
1.0
1.36
3.99
1.33
1.33
2.78
1.55
3.68
1.46
1.98
4.26
1.15
1.88
3.11
2.73
2.2
3.42
3.42
1.17
3.72
1.04
3.53
1.66
1.02
1.74
4.02
1.1
2.87
4.99
4.99
1.0
2.02
2.02
1.37
1.0
1.01
1.01
1.01
1.0
3.25
2.37
4.78
3.18
1.92
3.84
2.06
2.15
2.44
1.0
1.0
1.0
1.0
1.0
1.0
1.0
1.0
1.0
4.68
3.89
4.74
4.64
4.94
3.81
4.21
1.08
4.0
2.13
1.11
1.11
1.0
1.0
1.0
1.01
2.93
4.07
3.04
3.11
1.41
5.0
1.25
3.91
1.25
3.32
4.25
5.0
3.08
2.66
4.51
3.06
4.86
3.1
3.39
4.53
4.4
4.4
3.92
2.8
4.71
3.15
3.17
4.86
1.03
1.72
4.94
1.46
1.01
1.8
4.02
1.48
3.45
1.0
4.26
1.26
1.17
1.01
1.25
1.25
4.88
2.85
2.96
1.0
1.47
1.0
1.06
1.12
2.96
2.95
1.9
1.06
1.05
4.07
3.58
4.64
1.91
4.32
4.97
4.97
4.99
2.98
2.16
2.84
2.84
4.29
1.0
1.0
1.01
2.92
4.27
1.0
3.08
1.01
1.0
2.9
3.7
2.83
1.0
2.97
1.66
4.32
4.91
3.78
1.07
4.93
2.79
4.5
2.04
3.05
4.84
3.5
1.25
1.7
1.0
1.0
1.0
1.0
1.0
3.58
3.16
1.44
3.85
4.34
4.12
1.11
4.98
4.99
4.99
4.94
4.0
1.02
2.8
2.38
4.47
1.01
1.1
1.06
3.45
1.84
1.05
1.53
4.65
4.2
4.98
1.26
2.59
4.26
1.07
1.01
1.05
2.32
3.49
4.42
4.02
1.02
1.01
1.04
1.6
4.02
3.92
2.46
3.35
4.97
1.02
4.13
1.43
3.65
3.16
3.63
1.31
3.99
3.2
4.16
4.38
2.65
2.82
4.34
2.04
1.18
1.12
1.12
4.95
2.19
1.36
1.01
1.01
1.01
4.36
1.64
1.16
4.04
1.12
1.13
1.42
1.11
2.26
1.71
4.95
3.28
4.84
4.78
2.46
1.03
3.9
4.2
1.26
3.58
3.85
4.87
4.87
4.84
3.84
4.81
4.85
4.56
1.29
3.31
1.01
1.03
2.66
4.52
4.78
1.15
2.09
4.1
1.52
4.42
1.33
1.71
1.21
2.99
4.89
1.13
3.17
1.86
2.69
4.22
3.67
4.19
3.13
1.6
1.18
1.35
3.12
1.48
2.75
3.9
1.25
1.05
1.44
3.16
3.65
3.95
4.62
4.45
4.79
4.79
3.78
3.47
1.01
1.75
4.54
4.22
4.22
1.5
1.03
4.89
4.44
4.44
2.2
3.81
4.02
3.6
3.21
4.04
3.84
3.84
4.0
3.8
1.84
3.34
1.21
3.82
3.17
4.68
4.24
3.59
2.76
1.8
4.68
2.02
3.11
3.18
2.96
1.62
3.31
4.07
3.9
1.25
2.63
4.49
3.57
1.02
4.51
2.62
4.26
4.1
3.5
2.45
4.56
2.41
2.28
3.87
2.06
1.29
1.51
4.08
3.6
3.75
2.18
1.94
1.58
3.87
4.37
3.93
4.17
1.0
3.93
3.54
4.21
1.0
1.92
3.93
1.96
1.05
1.33
1.5
1.04
1.02
1.0
2.4
3.94
3.82
1.15
3.0
3.78
2.85
4.65
3.78
3.78
4.05
3.84
3.9
3.34
2.51
2.38
2.16
2.22
2.76
4.51
3.72
1.12
4.8
1.01
1.41
3.17
1.03
3.73
2.13
3.95
4.92
1.05
1.7
3.35
1.0
1.01
1.01
3.82
3.99
4.81
1.01
1.21
3.56
2.08
2.54
2.13
3.17
3.17
3.17
3.17
1.22
2.09
2.86
3.96
3.94
4.27
1.12
3.76
2.57
4.04
1.93
3.93
3.16
1.15
3.19
3.45
3.91
1.79
4.95
4.42
4.95
1.03
1.65
1.16
3.17
1.2
4.95
4.89
1.06
1.56
2.98
4.83
4.91
3.66
3.61
3.73
1.05
4.32
4.32
4.11
1.01
1.01
1.01
1.1
4.76
1.07
2.75
1.05
2.76
1.84
3.0
1.04
1.02
1.01
1.09
2.82
1.74
1.68
2.41
3.89
4.43
3.7
4.66
2.91
4.99
1.99
2.41
1.76
1.01
3.15
2.17
1.0
1.48
1.0
1.01
4.03
4.08
2.71
3.65
4.12
3.88
2.04
4.83
4.47
4.63
2.43
2.91
1.22
2.37
4.45
2.73
2.4
1.24
4.47
4.3
1.01
2.98
2.51
3.16
1.13
4.4
1.26
2.14
4.99
2.41
2.41
3.78
2.84
4.19
2.35
3.02
3.02
1.0
3.03
1.66
1.0
5.0
5.0
5.0
3.53
2.96
1.26
2.12
2.12
2.68
1.0
3.0
2.12
4.78
3.06
4.39
2.77
1.02
1.02
1.68
1.01
1.01
3.71
2.52
4.53
4.99
3.3
3.68
3.92
3.9
4.99
3.19
4.67
4.04
3.02
2.18
3.79
1.02
2.85
2.17
1.81
2.42
4.73
3.09
1.62
4.04
2.68
3.47
4.99
4.75
1.04
1.03
4.9
3.01
2.35
3.23
3.23
3.22
2.63
1.14
4.92
4.1
2.02
3.42
2.38
4.21
3.37
4.79
1.38
2.68
2.68
1.01
1.01
1.01
1.01
1.01
2.11
2.15
4.53
3.17
4.59
4.99
4.04
2.53
4.89
5.0
3.42
3.04
5.0
4.99
5.0
3.48
4.22
4.22
4.22
3.86
3.86
2.23
1.26
3.67
1.0
3.04
2.23
1.01
1.63
1.45
1.0
1.0
3.63
1.37
1.01
2.41
4.01
1.08
3.68
1.19
1.14
4.85
1.68
3.6
3.29
1.37
4.46
4.72
4.83
3.45
3.44
4.1
2.88
3.43
1.51
1.02
4.89
1.11
1.77
1.31
1.1
2.13
1.39
3.25
1.91
2.99
3.1
1.02
4.7
1.02
1.02
1.02
1.89
1.43
1.94
1.01
1.02
1.01
1.01
1.02
4.81
3.66
1.33
3.37
2.69
4.51
3.64
1.72
2.92
2.74
2.88
4.22
2.86
4.31
1.02
1.02
4.85
4.02
3.91
4.68
3.74
3.61
1.86
1.06
1.3
4.3
4.3
4.3
1.07
1.02
1.38
3.22
3.57
3.53
4.07
3.52
2.56
4.95
4.44
1.71
1.22
3.46
4.91
1.84
2.97
4.15
4.36
1.29
3.11
2.13
2.83
1.54
1.6
4.14
3.79
1.08
2.48
1.57
1.16
1.61
1.01
1.06
1.08
3.93
2.6
2.99
4.34
3.54
1.58
2.28
2.26
3.69
3.19
2.32
4.74
4.4
2.12
1.02
1.04
3.85
1.02
1.66
1.01
4.58
4.14
3.14
2.77
4.82
2.76
3.47
3.57
4.66
4.28
4.03
3.31
1.35
2.77
3.26
1.56
4.67
3.37
4.68
3.93
4.69
3.67
1.81
3.68
1.08
3.97
1.02
1.03
1.01
1.01
3.71
4.96
3.28
4.99
4.72
3.04
3.42
4.7
3.4
2.01
4.02
2.07
2.66
3.63
3.66
1.97
1.02
3.64
1.2
4.93
4.72
1.42
4.78
4.0
4.0
4.28
4.92
4.99
4.09
4.64
3.37
4.85
3.83
3.75
3.41
3.92
3.91
4.98
4.23
4.99
2.33
2.33
2.73
2.81
4.25
3.44
1.0
1.59
1.0
4.0
1.0
1.44
1.01
1.25
1.94
1.11
1.23
2.31
2.6
2.01
3.88
1.03
2.81
1.28
3.71
4.21
4.26
3.06
4.68
1.16
4.15
3.18
3.78
4.17
4.78
3.75
2.01
4.43
2.07
1.14
4.32
1.01
4.48
3.22
3.22
1.54
2.01
1.63
1.03
3.21
1.35
1.55
3.39
2.31
3.61
4.79
2.97
3.21
4.13
3.23
3.97
2.06
2.09
1.05
1.03
1.05
1.66
4.5
1.15
1.05
3.03
3.07
2.27
2.27
3.49
1.01
1.01
1.01
1.45
1.0
1.0
1.0
1.0
1.0
1.63
1.92
4.39
4.74
3.33
2.51
1.09
3.07
3.49
1.03
4.01
4.97
4.97
1.01
1.44
1.02
1.1
1.73
3.23
3.15
4.71
4.66
4.08
4.45
1.95
4.17
4.55
4.55
4.55
2.88
4.83
4.34
2.59
4.96
2.69
2.2
1.04
1.77
1.09
3.34
1.06
1.45
4.86
4.95
3.45
4.99
2.96
1.01
3.79
4.01
4.91
2.87
3.78
2.76
3.9
1.03
1.15
2.3
4.31
2.6
3.33
4.97
2.53
4.33
2.37
2.65
3.84
3.38
2.13
1.02
1.28
3.3
1.43
3.19
3.77
3.61
4.04
1.08
4.42
2.06
4.69
4.89
4.33
4.99
4.13
4.96
3.71
3.71
3.44
1.01
1.55
2.06
2.79
1.5
4.09
1.01
2.11
1.03
4.37
3.11
2.19
1.07
3.76
4.82
4.02
4.46
4.99
4.83
4.78
4.15
1.02
4.85
4.15
3.67
2.12
4.74
3.2
4.63
1.0
4.61
1.01
4.98
3.93
4.96
3.91
4.32
1.01
3.51
4.15
2.47
1.01
1.01
1.18
1.09
4.79
4.5
2.12
4.83
4.98
4.62
3.97
1.65
1.77
1.61
2.59
1.46
2.7
1.0
1.38
4.75
4.77
1.17
3.37
1.0
1.0
3.23
4.02
1.08
1.8
3.62
1.04
2.13
2.58
4.21
4.75
2.98
3.74
1.95
1.92
1.42
1.97
4.03
3.35
1.17
3.47
1.52
3.04
2.96
2.73
2.86
4.97
4.96
3.51
2.2
4.73
1.37
1.01
4.99
4.98
4.96
4.98
1.25
1.01
2.25
1.01
1.04
1.66
4.55
4.55
3.7
1.04
3.8
4.79
4.91
4.56
3.79
3.16
2.38
1.36
1.47
3.0
1.01
4.85
4.86
3.52
1.43
2.84
4.22
2.53
1.47
4.31
4.7
4.7
4.1
2.24
4.59
1.95
4.94
1.89
4.51
2.43
3.94
1.08
4.39
4.37
4.24
4.38
4.81
2.97
1.36
4.5
4.87
3.59
4.02
3.81
1.04
2.22
1.0
1.0
1.0
1.07
3.23
2.14
4.63
3.43
4.45
1.09
2.2
1.56
2.11
1.09
3.01
2.51
2.51
3.35
3.35
3.64
1.02
1.06
1.21
1.17
4.07
4.15
2.14
3.14
4.8
3.35
3.14
4.81
4.99
2.9
3.28
2.94
1.07
4.17
4.71
3.01
4.41
1.11
4.84
1.03
4.08
4.61
3.54
1.81
3.63
3.23
3.24
4.41
2.03
3.9
1.03
1.2
3.91
1.18
1.14
1.25
4.39
2.26
2.86
2.13
1.94
1.01
1.01
3.47
1.09
3.4
1.95
4.69
3.84
3.4
4.7
2.89
1.02
2.97
3.22
2.46
2.92
2.92
1.01
2.13
1.02
3.91
1.07
2.38
4.0
3.72
1.46
4.33
2.25
4.45
3.23
1.55
1.06
3.41
3.2
2.78
1.0
1.0
1.0
1.0
1.0
1.0
1.0
1.0
4.66
4.92
1.84
1.01
1.01
1.01
3.13
1.07
1.51
3.57
4.04
1.84
1.01
4.51
1.07
1.02
3.26
2.82
3.9
4.46
3.82
4.09
2.08
3.92
1.16
4.41
2.33
1.54
4.16
1.94
4.92
2.89
1.99
1.04
1.03
1.1
4.9
4.75
1.4
2.31
3.24
3.49
2.96
2.81
4.19
3.09
1.42
2.77
4.19
3.8
4.12
3.44
4.61
1.0
4.82
1.0
1.01
1.8
1.57
1.0
4.01
3.62
2.05
2.72
3.91
3.18
2.68
2.99
3.33
1.0
1.25
3.51
3.42
3.11
1.01
3.3
1.01
3.46
1.01
1.05
3.51
4.03
4.11
4.55
3.76
4.37
3.32
3.3
2.87
4.57
3.47
2.88
2.88
3.03
1.0
1.12
4.99
1.02
1.01
2.2
1.31
4.66
4.3
1.04
1.08
4.17
1.02
4.81
3.93
1.07
1.02
2.12
2.39
4.11
2.87
4.57
4.14
1.0
3.01
1.0
1.0
4.57
1.0
3.4
4.57
1.0
1.09
1.01
1.01
4.84
4.71
2.29
2.66
1.03
1.13
3.85
3.16
2.05
1.08
4.06
4.72
3.11
4.05
4.6
4.96
4.41
4.95
3.67
3.91
1.01
1.01
1.5
1.01
1.01
2.41
1.08
1.0
4.64
1.48
4.89
1.98
3.49
4.05
2.07
1.63
1.67
1.06
4.17
4.18
4.3
3.97
3.0
2.05
3.18
3.03
1.1
2.23
3.12
1.96
3.41
2.27
4.8
1.11
4.29
1.06
3.76
3.95
3.93
1.17
2.27
1.26
2.29
4.6
3.91
4.08
2.5
1.12
1.13
1.05
1.47
4.88
4.92
2.13
2.43
4.87
1.56
4.55
4.96
3.3
3.58
4.86
4.63
2.32
2.17
1.02
4.02
4.16
1.02
2.88
2.09
4.85
4.85
1.31
1.01
1.06
4.31
1.15
1.35
1.04
1.04
1.52
1.72
4.46
3.92
4.94
4.04
1.61
2.82
2.57
2.06
3.32
1.04
1.05
1.64
1.56
1.94
1.97
1.17
3.87
4.36
1.53
2.67
2.11
1.79
4.2
1.25
1.13
1.05
3.64
3.64
3.64
2.2
2.2
4.07
2.02
3.44
1.97
4.6
4.96
2.07
1.87
4.32
4.47
3.76
4.29
2.27
4.28
1.07
3.12
4.19
1.44
3.09
1.12
2.92
1.01
4.05
1.46
1.97
3.18
3.18
1.05
1.06
1.05
1.05
1.06
4.76
4.53
1.04
4.84
4.77
4.84
1.03
4.96
4.91
1.37
3.99
4.34
1.53
3.91
1.31
3.7
1.23
2.88
3.68
4.3
1.22
2.15
5.0
5.0
5.0
1.0
1.0
1.0
1.0
1.0
1.0
1.0
1.0
1.0
1.0
1.0
1.0
1.0
1.0
1.0
1.0
1.0
1.0
1.0
1.0
1.01
1.0
1.0
1.0
1.0
4.4
3.5
2.6
1.37
4.74
1.01
2.84
2.84
1.79
4.46
4.48
3.21
3.21
3.21
3.49
3.24
2.2
4.3
1.01
1.0
1.04
1.01
3.99
1.0
1.82
4.91
1.7
1.01
1.0
1.01
1.0
1.0
1.04
4.13
1.01
1.09
1.02
1.02
1.03
1.12
4.8
3.58
1.05
2.78
4.36
1.68
4.89
4.63
1.87
4.98
4.69
1.14
1.34
3.92
4.89
2.03
4.78
4.05
1.78
1.78
1.78
3.72
1.12
1.03
4.63
3.55
4.68
4.04
4.16
1.01
1.01
2.42
1.51
1.91
1.02
1.01
1.04
1.8
4.46
1.2
4.35
4.35
1.01
4.01
4.17
1.01
1.01
4.07
1.05
1.07
3.87
3.24
4.36
1.92
2.11
2.06
2.06
1.64
1.7
1.7
1.04
1.42
1.55
1.27
1.46
3.61
4.6
1.12
1.28
1.29
1.05
2.05
1.22
2.79
3.85
1.01
3.64
3.13
3.87
4.86
2.99
3.9
2.05
3.87
2.23
2.15
1.73
1.09
1.16
4.08
4.43
4.1
2.96
3.73
3.46
3.09
4.1
4.06
4.23
4.77
3.47
3.06
3.74
2.71
4.81
3.37
1.19
4.97
4.94
2.89
4.75
1.27
1.17
4.96
4.91
3.38
3.27
3.15
4.07
4.8
4.09
4.76
3.19
4.14
1.04
3.09
2.4
3.85
1.06
3.91
4.72
3.12
4.3
3.69
1.11
3.0
2.99
1.03
1.15
3.83
1.02
1.02
4.37
1.01
1.01
1.01
4.55
4.6
3.82
4.89
2.44
3.1
3.1
2.72
2.77
2.77
2.82
4.68
1.08
1.01
2.13
4.2
1.2
1.86
1.01
3.09
1.89
2.17
4.94
4.94
4.98
4.98
3.71
4.1
1.07
1.9
1.85
1.02
1.16
1.43
2.71
1.55
1.08
2.06
4.97
1.02
1.32
3.0
4.16
4.43
4.43
2.91
3.85
2.68
2.4
4.83
1.73
1.04
3.11
4.67
4.31
3.78
3.08
3.08
2.82
4.81
3.93
3.93
3.93
1.0
1.02
1.0
2.51
1.88
1.0
1.0
1.02
2.76
3.1
4.99
4.33
1.01
1.0
1.0
4.99
1.0
1.39
4.71
3.38
3.38
1.07
2.24
4.68
2.28
1.02
4.04
3.06
1.12
3.32
3.74
2.34
1.17
1.91
4.15
2.85
4.63
3.11
2.62
4.75
3.12
3.12
3.12
4.48
1.18
4.55
2.94
3.23
2.36
1.23
1.05
4.42
2.62
1.19
1.02
4.73
4.73
3.89
2.96
4.84
4.09
4.88
2.41
1.01
1.01
1.01
4.77
1.01
4.69
1.01
3.38
1.07
2.92
3.78
1.05
1.06
4.06
3.83
3.83
1.19
3.75
2.05
3.07
1.0
1.01
1.0
1.0
4.33
4.59
3.48
2.06
3.22
3.22
4.22
4.22
4.22
1.0
1.01
3.04
1.0
2.37
1.05
1.76
2.04
1.87
1.75
3.4
1.09
1.11
3.5
3.34
3.35
4.98
4.98
4.98
4.98
3.29
1.95
1.02
1.0
1.01
1.53
3.48
1.19
2.75
3.73
4.93
1.03
1.03
1.02
1.0
1.0
2.62
1.02
1.03
1.02
1.01
4.46
3.26
3.26
2.5
4.02
4.02
1.02
1.72
1.04
1.86
1.02
1.9
3.46
3.52
2.23
3.06
1.96
3.69
3.83
1.95
1.04
1.91
2.47
3.75
3.5
3.5
1.01
4.54
1.01
1.01
1.21
4.25
3.89
3.97
4.98
4.98
1.02
1.01
1.02
4.61
3.99
1.26
2.02
4.99
4.99
4.99
1.47
1.12
3.64
4.99
2.26
3.56
3.81
1.61
3.08
1.63
1.32
1.0
1.0
1.0
2.03
1.0
1.0
1.0
4.67
4.47
1.15
3.49
1.06
3.61
4.29
4.99
3.38
3.19
3.63
4.4
4.99
3.82
3.98
1.81
1.01
1.0
1.01
1.71
1.51
1.12
1.01
2.89
4.8
1.15
1.51
4.31
1.0
4.85
3.56
1.13
2.74
4.34
4.69
2.31
4.79
1.92
4.13
4.2
4.2
2.9
4.34
4.41
2.7
1.71
1.01
1.62
1.01
1.72
4.28
3.8
1.14
4.53
3.3
3.15
4.78
4.59
4.23
3.99
4.08
2.1
4.82
4.7
1.01
3.88
2.05
2.54
1.88
1.03
1.3
1.14
1.03
2.05
4.42
3.61
1.15
1.3
3.43
1.02
1.02
4.01
1.36
2.56
4.61
1.43
2.2
1.07
3.43
1.02
1.02
1.35
1.01
1.01
2.94
1.02
2.61
2.53
2.53
2.12
1.78
1.52
1.04
1.42
1.78
3.02
1.14
1.88
2.57
1.07
3.13
3.88
1.2
1.02
1.58
3.38
4.5
3.62
4.71
3.97
1.07
3.84
3.88
3.88
3.88
1.85
1.91
1.01
1.11
3.96
1.91
1.19
1.49
2.86
1.49
1.08
1.8
2.01
1.19
1.08
4.23
1.14
4.58
4.01
2.13
1.42
3.21
3.38
1.02
4.69
1.51
1.04
4.7
4.78
3.17
3.52
1.02
1.01
4.29
3.21
1.03
3.72
3.37
2.69
4.62
1.0
1.83
1.51
3.98
1.02
1.91
4.28
1.01
1.26
1.01
4.15
1.1
4.43
3.93
1.45
1.58
1.6
1.07
3.26
2.15
3.49
2.51
3.99
2.64
3.9
2.56
1.0
1.32
1.0
1.39
3.61
1.07
1.36
3.02
4.38
4.55
1.03
4.62
1.02
4.91
1.03
2.44
4.11
1.03
1.01
1.02
2.64
1.01
4.18
3.29
4.83
3.99
4.37
4.32
4.79
1.02
4.24
1.01
1.55
1.52
1.78
4.97
4.96
1.76
3.81
1.01
4.63
4.31
1.04
2.96
3.95
2.98
4.99
1.07
1.08
1.02
1.17
3.56
1.06
1.05
1.13
4.85
1.01
4.99
1.0
4.79
1.01
1.01
1.06
3.07
4.85
2.5
1.87
1.05
1.82
1.55
1.38
1.27
2.37
2.28
3.1
2.9
1.17
1.01
1.03
1.0
3.04
4.49
2.11
1.36
1.0
1.73
1.5
2.45
1.0
3.84
3.99
1.47
1.05
1.76
1.75
4.6
1.74
3.09
3.09
4.75
2.99
2.05
3.91
1.52
1.0
4.06
4.32
4.29
4.73
4.67
4.96
4.84
1.15
4.92
1.01
3.99
4.33
2.19
1.07
1.02
1.69
1.69
2.83
2.21
4.97
3.54
1.57
4.0
1.01
1.01
4.97
4.97
4.32
1.03
1.85
4.38
3.05
4.57
3.3
2.27
3.98
3.57
4.55
3.57
2.98
4.29
1.01
4.17
2.19
1.02
1.73
3.34
1.12
4.7
2.13
4.33
1.07
1.06
1.86
1.86
1.01
2.18
1.06
4.99
4.99
4.9
4.9
1.84
1.0
1.08
1.08
1.08
1.01
4.01
4.13
4.13
1.02
1.02
1.01
1.01
1.01
2.58
1.0
1.0
1.0
1.0
1.0
1.0
1.0
1.0
1.0
1.0
1.0
1.0
1.0
1.0
1.0
1.0
1.0
1.0
1.0
1.0
1.0
1.0
1.0
1.0
1.0
1.0
1.0
1.0
1.0
1.0
1.0
1.0
1.0
1.0
4.99
1.12
3.33
4.84
4.4
4.52
4.07
1.27
1.3
1.78
1.02
1.12
4.21
1.02
3.27
1.13
3.01
1.06
1.5
1.07
1.04
2.32
1.03
4.72
4.81
4.9
4.11
3.36
4.11
2.76
1.59
1.82
1.04
1.01
1.6
1.25
4.85
3.23
1.41
3.36
4.17
4.97
3.96
1.3
3.98
1.97
3.07
1.15
3.5
1.78
2.4
2.4
4.37
4.3
4.38
4.0
3.09
1.2
1.48
1.83
2.17
3.08
1.21
4.59
1.43
3.86
3.69
1.02
1.69
1.1
4.04
2.36
1.7
4.35
4.98
4.2
4.2
3.3
3.54
3.76
1.14
1.45
1.33
1.02
1.01
4.12
4.12
4.47
4.9
4.9
4.58
3.17
3.17
3.17
3.17
3.17
3.35
4.8
4.8
4.14
3.5
3.5
1.01
1.0
1.87
2.44
4.62
4.62
3.67
3.67
3.67
3.3
1.01
1.0
1.09
4.28
3.85
4.6
3.67
4.0
4.2
3.92
2.78
3.06
3.01
1.79
1.31
2.95
2.86
1.05
1.69
3.27
1.01
1.01
2.32
4.86
1.04
4.84
1.24
1.33
2.6
4.9
4.77
4.88
4.48
3.91
3.96
4.25
4.55
1.99
4.97
1.05
1.04
1.26
1.01
1.74
4.84
3.11
4.06
4.66
4.92
1.05
1.46
1.16
4.14
1.27
2.1
2.96
1.98
4.74
1.04
2.97
1.27
1.25
1.04
1.02
1.02
3.27
4.67
4.26
4.26
4.57
4.7
3.16
3.0
3.55
3.55
4.4
2.83
2.68
1.01
1.0
4.98
4.5
2.46
2.46
2.91
4.99
1.8
2.63
4.13
2.63
1.08
3.04
1.08
2.77
3.72
2.96
3.37
2.23
3.4
4.91
1.12
4.99
3.03
1.8
1.27
3.01
3.44
2.96
1.0
3.53
4.96
4.27
4.96
4.53
4.96
1.85
3.08
4.41
1.45
2.38
4.81
4.64
1.05
1.09
4.59
1.25
3.89
3.96
1.05
2.11
4.11
4.58
4.17
4.69
4.69
1.22
3.67
1.03
1.21
1.04
4.8
1.92
2.03
1.03
3.93
1.03
1.24
1.26
4.28
3.85
4.14
2.26
2.84
4.38
2.96
3.92
2.9
4.66
3.93
3.34
4.66
3.7
1.05
1.76
1.96
4.96
1.45
1.86
3.72
1.09
4.07
3.34
3.34
3.75
3.51
3.55
1.17
1.03
1.46
4.0
1.63
4.5
1.5
2.42
1.01
3.95
3.94
4.92
1.55
1.0
1.19
1.53
1.78
1.11
1.01
1.24
1.0
1.23
1.08
1.39
1.01
1.67
4.1
4.37
4.37
3.48
4.18
1.24
4.18
3.23
4.89
1.03
3.95
1.05
3.45
1.85
1.07
1.1
1.23
4.96
1.3
1.03
1.03
1.06
4.29
4.45
1.83
2.87
1.69
3.91
3.0
2.8
3.44
4.15
1.1
1.58
2.13
2.72
1.01
1.01
4.24
4.38
4.15
2.97
2.34
1.01
1.01
1.01
4.33
3.05
1.01
5.0
3.54
4.35
3.67
3.82
3.68
1.0
3.84
1.01
1.01
1.0
1.22
1.01
1.08
3.37
3.37
3.92
3.89
1.32
1.01
4.97
4.0
3.81
5.0
2.22
3.03
2.77
2.33
3.99
3.94
3.78
3.78
3.07
1.38
4.25
4.99
4.9
2.06
3.57
2.9
1.9
1.96
3.25
3.86
2.42
2.8
2.89
4.99
1.47
3.03
2.63
1.31
1.01
3.69
4.32
1.8
4.09
4.95
4.02
2.92
4.4
3.13
1.12
2.79
1.56
3.1
4.81
4.98
4.53
4.3
4.88
3.53
3.68
1.05
1.05
4.26
4.38
3.45
3.36
2.4
3.08
4.03
3.82
2.09
3.4
1.83
1.94
1.14
1.59
3.82
2.16
2.2
2.16
2.36
1.22
3.75
3.04
4.3
4.12
4.65
4.77
4.77
4.98
2.5
2.63
4.91
4.52
3.48
3.48
4.66
4.64
3.77
4.06
2.87
3.68
3.64
1.92
2.52
4.98
2.84
2.99
1.01
1.05
1.01
1.28
2.8
3.37
1.31
2.7
4.95
2.82
3.74
2.26
1.04
4.61
3.59
3.97
4.84
3.01
4.15
4.09
3.26
2.37
3.06
1.59
1.01
4.68
4.68
1.93
3.72
1.21
1.86
1.58
2.21
3.07
1.08
1.09
4.09
3.91
1.94
1.09
1.7
3.78
1.02
1.05
1.02
1.07
4.13
1.06
4.98
4.19
4.19
2.89
3.63
3.63
3.9
3.82
2.09
2.01
2.01
2.01
4.66
2.22
2.22
5.0
3.85
3.74
3.74
2.82
4.65
4.85
2.56
4.5
4.9
4.64
4.64
3.86
3.24
3.24
3.55
3.55
4.77
4.56
3.3
3.3
3.3
3.52
2.22
3.6
3.6
1.29
2.21
1.01
2.02
2.1
2.37
3.77
1.01
1.29
2.12
1.06
1.04
3.19
1.28
4.17
1.0
1.0
1.03
1.46
1.59
1.0
2.25
2.58
1.23
1.01
1.42
1.0
1.0
1.0
4.24
4.24
3.72
3.87
3.87
1.02
4.53
2.24
1.4
1.04
1.06
3.5
4.81
4.69
3.61
4.0
1.04
1.97
3.51
1.52
1.44
4.54
4.14
4.01
3.67
3.67
5.0
3.67
3.14
5.0
1.0
4.07
3.89
4.4
3.56
4.36
3.9
4.64
1.53
3.44
1.05
2.77
1.82
1.02
1.75
1.64
1.05
3.66
1.02
3.73
4.58
3.02
4.25
1.13
1.18
1.79
1.12
3.02
1.0
1.0
1.01
1.0
1.0
3.28
3.28
1.3
1.21
2.55
4.8
1.05
1.04
1.04
4.68
4.19
1.59
3.93
2.15
1.12
4.77
3.21
1.52
1.36
4.66
4.72
4.97
1.02
1.41
1.02
1.02
3.91
2.92
2.0
3.78
4.63
4.29
4.01
1.05
2.5
1.05
1.02
2.42
1.85
1.1
1.33
4.02
1.02
1.1
2.48
4.51
4.38
4.41
4.53
4.53
2.48
2.94
1.18
1.02
1.04
2.1
1.24
4.7
4.15
1.0
1.01
1.01
1.01
1.01
1.01
3.49
4.43
4.71
3.08
4.83
1.61
2.23
1.82
2.71
1.02
1.02
2.62
3.08
3.22
2.52
1.0
3.77
4.3
4.31
4.55
4.38
4.98
5.0
1.29
1.0
1.01
1.01
1.0
3.12
1.0
4.28
1.0
1.0
1.0
2.74
1.0
2.41
1.0
3.88
2.99
2.99
1.0
1.0
4.05
4.05
1.01
1.51
4.3
4.35
4.17
4.49
1.14
3.22
1.39
1.49
4.97
4.86
4.86
1.01
1.01
1.01
1.03
2.84
1.48
1.28
4.1
1.53
1.39
4.3
1.01
1.04
1.01
1.01
1.01
4.36
4.85
1.01
1.01
1.01
1.13
3.63
2.42
1.04
1.03
1.16
1.04
3.74
4.55
4.83
1.15
1.02
2.23
1.23
3.7
1.36
4.98
4.44
4.94
3.01
2.0
2.0
1.02
3.76
3.94
4.76
1.12
4.26
1.27
3.87
2.56
1.59
3.55
3.12
4.5
1.2
1.0
1.01
1.0
1.0
1.01
1.35
1.0
1.0
1.0
1.0
1.01
1.03
1.67
1.17
3.9
4.51
3.66
1.49
1.83
1.01
2.38
1.27
3.57
4.95
3.58
4.76
1.02
1.02
4.05
4.58
4.05
4.93
3.4
1.78
4.56
3.92
2.06
1.63
1.02
1.02
4.33
4.33
1.0
1.65
1.01
1.95
1.0
1.0
1.0
2.33
2.33
2.33
1.0
1.0
4.24
3.39
2.28
3.32
3.48
1.01
3.8
1.97
3.51
3.42
1.24
2.16
1.01
1.03
3.98
2.99
4.19
3.85
1.05
1.36
1.86
4.51
4.67
1.82
2.76
4.48
4.69
4.14
4.14
4.68
2.03
2.96
3.68
2.52
2.56
4.64
4.11
1.27
2.7
2.45
2.23
4.17
2.4
4.2
4.55
1.01
1.61
3.0
2.65
3.99
4.56
4.56
4.81
1.53
1.04
1.14
2.98
1.11
1.02
2.72
4.59
3.09
3.83
2.13
2.18
3.23
3.32
2.13
1.26
1.08
4.73
4.87
4.86
1.12
4.07
1.08
4.74
4.74
4.99
3.78
4.58
4.94
1.01
1.74
4.17
4.05
1.54
4.81
4.62
4.31
4.33
3.29
3.03
3.03
4.8
3.55
4.74
2.95
2.78
2.45
2.45
1.04
1.02
1.14
2.98
1.01
1.1
1.31
1.01
2.39
4.05
4.03
1.03
3.13
2.0
4.98
2.29
4.88
4.85
2.4
4.98
4.18
4.74
3.52
1.34
2.75
3.5
3.5
4.92
3.56
4.96
3.19
4.58
3.68
3.99
1.56
4.04
1.01
1.36
2.14
2.36
4.76
2.33
3.07
2.2
3.41
1.9
2.36
1.93
1.06
2.0
1.27
3.02
3.26
1.3
3.2
3.8
1.05
4.08
1.12
1.03
1.02
3.58
4.35
4.78
1.96
1.04
1.29
3.37
1.08
3.12
4.82
4.42
3.16
2.6
3.16
4.16
3.11
4.75
2.0
4.27
1.75
1.36
1.01
1.01
1.01
1.01
1.01
1.33
4.44
1.45
1.91
4.35
4.19
1.74
4.73
1.01
1.01
1.02
1.01
4.25
4.32
1.01
1.01
1.01
1.01
1.01
1.01
2.33
3.34
4.22
2.55
3.87
1.46
1.19
3.07
4.55
3.56
4.51
3.74
3.74
4.45
3.12
3.96
4.95
1.92
1.02
4.87
4.66
3.01
4.71
3.64
1.1
1.39
4.55
1.73
1.01
1.2
1.23
1.01
4.5
4.5
4.18
1.51
1.78
2.97
4.4
3.96
3.37
1.0
3.76
1.01
1.0
1.0
1.31
1.03
1.0
4.25
2.57
2.51
4.28
4.03
1.08
4.97
3.76
4.63
1.45
1.1
3.75
2.48
2.16
4.36
2.85
2.94
4.39
4.9
2.7
4.14
4.56
2.77
1.77
3.79
1.03
1.56
1.19
2.42
1.98
1.11
4.17
2.29
2.86
2.48
2.71
4.97
4.97
1.28
2.81
2.81
2.34
1.68
1.68
2.11
4.83
4.57
4.88
4.88
4.88
2.58
2.68
3.66
3.9
3.9
3.9
3.9
1.0
1.02
1.0
1.0
1.02
1.0
1.0
1.0
1.01
1.14
2.76
2.64
1.24
3.24
1.25
1.02
3.81
1.87
1.96
4.79
1.42
2.56
2.46
2.66
3.34
1.98
1.3
2.78
3.99
4.64
2.26
2.25
2.45
3.38
1.12
3.99
1.04
3.79
2.67
4.54
3.72
2.39
1.03
2.69
1.04
1.45
1.02
2.09
1.05
1.06
3.49
1.31
1.5
4.65
4.83
3.3
1.02
2.61
1.1
3.53
1.13
4.11
4.0
4.98
3.66
2.9
4.47
3.96
3.58
1.04
2.29
3.22
1.46
3.65
1.66
1.01
2.27
1.82
1.05
1.01
1.04
1.0
1.0
1.0
1.0
1.0
1.0
1.0
4.18
4.27
4.07
4.07
4.72
3.21
3.21
2.52
1.67
1.04
2.1
3.93
3.26
3.93
3.93
2.57
2.62
2.48
3.65
4.2
2.92
2.78
1.08
4.22
4.29
1.89
2.79
2.96
3.36
1.69
1.39
1.21
1.12
4.79
2.28
1.12
1.72
2.96
1.4
3.97
1.24
4.36
4.45
2.55
4.83
1.99
2.46
1.03
1.29
1.69
1.44
3.14
1.59
1.04
4.05
1.24
2.24
1.81
1.57
3.18
1.15
1.31
3.62
4.57
4.7
1.09
1.17
4.18
3.05
3.66
4.99
2.33
1.0
2.33
1.0
1.0
1.67
1.0
1.03
1.01
1.01
1.01
4.99
2.33
1.67
3.66
3.66
1.74
1.74
1.74
1.74
1.0
1.0
2.0
4.31
4.08
4.11
3.26
1.43
3.8
3.84
3.85
2.76
4.91
4.65
1.04
1.04
2.14
2.12
2.17
1.19
3.99
1.03
2.72
3.76
3.13
1.01
1.01
1.01
1.01
1.01
1.02
1.08
1.03
1.01
1.41
4.95
3.19
4.57
4.93
4.74
1.88
1.02
1.04
1.74
1.08
1.33
3.87
1.97
1.06
1.06
4.04
4.9
4.97
4.97
3.81
4.98
4.98
3.05
3.69
2.41
4.71
4.94
2.37
3.83
3.91
3.24
2.96
4.02
3.97
1.18
3.54
3.03
2.9
3.91
4.37
1.13
3.68
4.31
4.96
2.86
1.25
2.55
4.66
4.69
2.52
3.2
1.01
1.12
2.94
4.76
3.24
4.35
4.34
1.01
1.01
1.01
1.01
2.4
3.24
3.84
3.84
1.37
4.86
4.26
1.21
4.78
4.96
1.09
4.92
3.84
4.59
4.59
4.84
4.63
4.63
4.36
3.11
1.05
1.24
2.88
2.92
1.9
4.74
3.81
2.99
2.99
4.46
2.82
1.01
4.46
1.01
4.49
4.42
3.98
2.93
2.38
1.79
1.29
1.24
2.54
3.12
1.05
4.97
1.0
1.12
2.47
1.11
2.35
2.26
1.66
3.22
1.01
3.03
4.27
2.91
1.18
1.02
4.45
4.21
2.93
4.93
4.76
4.86
1.7
4.02
4.31
4.97
1.0
2.12
4.33
1.01
1.0
4.99
1.0
2.01
4.07
3.99
4.97
1.93
1.05
1.03
1.03
1.02
1.01
1.56
1.53
1.49
2.27
4.68
3.7
4.86
1.05
2.96
3.06
4.78
3.99
4.19
1.03
1.03
2.35
4.31
4.73
1.02
4.78
2.71
4.41
3.21
4.72
3.17
3.87
4.95
2.31
3.38
1.41
4.53
1.52
1.66
1.96
1.3
4.13
1.02
1.02
1.01
1.02
2.92
1.17
4.14
1.46
1.01
2.32
4.96
2.23
4.95
1.01
2.6
4.09
1.4
4.83
3.55
3.02
1.71
2.61
1.0
1.0
1.02
1.01
1.0
1.0
1.01
1.0