4.33
4.69
5.0
5.0
2.09
1.11
1.0
1.0
1.01
4.54
1.01
1.02
1.04
3.49
2.0
1.02
1.03
3.97
3.93
4.11
1.13
1.42
1.03
4.04
4.53
1.83
1.03
3.24
2.8
3.16
1.72
1.35
1.01
1.01
3.05
3.05
1.06
1.14
1.01
1.3
1.01
1.01
1.13
1.14
1.67
4.87
4.87
1.37
4.87
2.5
1.04
1.0
1.0
1.0
1.0
1.0
1.0
1.0
1.0
4.94
1.27
1.13
1.02
4.6
2.98
5.0
3.55
3.73
4.98
4.58
4.23
3.34
4.64
3.78
4.75
3.24
3.74
2.57
3.53
3.82
2.72
4.17
4.92
3.9
4.99
5.0
4.28
3.33
3.65
1.0
3.85
2.86
2.86
3.88
2.26
2.73
1.19
3.66
5.0
2.95
1.07
3.92
1.85
4.3
1.65
4.04
3.78
1.79
1.19
2.91
1.0
1.9
1.01
1.72
4.12
2.05
4.98
4.11
1.77
3.85
5.0
5.0
5.0
5.0
5.0
4.39
4.99
4.98
1.81
4.08
4.08
4.3
1.55
3.78
4.46
4.98
4.93
4.33
1.13
3.77
3.16
1.62
1.87
1.66
4.06
4.21
4.92
4.8
4.06
2.87
4.35
4.97
4.21
1.08
3.94
3.3
1.01
1.4
2.66
2.54
4.89
3.67
3.36
3.6
1.01
2.06
3.87
4.5
4.08
1.43
1.6
3.42
1.73
1.01
1.01
1.01
1.03
1.03
3.9
2.98
2.98
2.21
4.14
3.0
4.29
1.01
1.01
1.01
1.48
3.66
4.73
3.2
1.02
3.61
1.67
3.11
3.32
3.25
3.73
4.82
3.03
3.72
3.72
3.77
4.4
4.4
4.98
5.0
5.0
2.87
3.11
3.74
1.0
1.0
3.58
5.0
1.18
1.0
1.0
4.36
1.0
1.11
1.0
1.04
3.56
1.68
1.67
4.92
1.86
4.08
2.51
3.94
1.24
1.61
1.45
1.36
1.03
2.44
3.42
3.84
2.97
2.38
1.06
1.44
4.77
3.34
4.76
4.85
1.07
2.82
1.98
2.06
1.44
1.02
4.36
1.3
3.65
3.12
4.66
1.8
2.96
1.46
1.12
1.06
1.6
1.02
1.31
4.82
1.02
1.04
1.02
4.97
4.0
4.0
4.96
4.1
1.17
1.17
1.02
4.99
1.0
1.4
4.99
5.0
4.96
4.93
5.0
4.99
4.99
5.0
4.98
3.76
1.0
4.35
4.36
5.0
5.0
4.94
1.0
2.51
2.51
2.67
1.0
1.0
1.0
1.0
1.0
1.0
1.0
1.0
1.0
1.0
1.0
1.01
1.0
1.0
1.05
1.0
1.04
1.04
1.01
1.01
1.0
1.11
1.01
1.01
1.0
1.67
4.56
1.0
3.82
2.36
1.22
1.4
3.45
3.45
3.02
1.36
3.15
3.57
4.09
4.82
1.0
1.0
4.86
2.89
1.01
3.45
1.07
2.26
3.28
1.02
1.41
1.01
4.81
1.31
3.69
3.36
2.97
1.03
2.27
1.13
1.2
3.96
1.62
2.06
4.13
1.66
2.2
3.02
2.12
3.16
3.94
1.03
4.05
4.55
1.62
2.7
4.88
4.93
1.03
2.98
1.03
1.03
1.03
1.31
3.99
4.63
3.26
3.61
3.36
3.36
4.12
2.8
1.31
3.0
1.77
1.57
2.84
1.85
1.11
2.05
1.01
3.34
2.31
2.35
1.4
2.0
1.73
1.4
1.36
1.01
2.97
3.38
4.66
4.97
4.97
1.02
2.51
2.72
4.47
1.27
3.67
3.85
1.02
1.01
1.43
1.42
1.02
1.02
1.0
1.0
1.0
1.0
4.18
1.02
1.01
1.02
2.9
1.03
4.19
3.89
4.61
1.31
1.07
3.8
1.13
3.73
3.84
4.16
4.04
4.02
2.21
4.16
4.73
3.27
1.01
1.26
2.04
1.01
1.35
2.57
1.02
1.02
3.94
1.13
1.01
1.01
2.72
2.72
2.72
1.17
4.86
4.93
1.49
2.04
2.49
3.97
3.02
4.33
4.33
4.33
4.33
5.0
1.0
1.0
1.0
1.78
1.78
1.0
1.0
4.75
5.0
4.27
1.01
3.45
4.99
4.99
4.24
4.57
5.0
4.34
4.04
5.0
1.01
1.01
4.31
1.55
1.72
1.52
1.04
1.12
4.33
3.94
4.95
4.96
1.15
3.62
4.06
3.92
4.97
1.01
1.06
1.11
1.94
2.23
1.01
4.97
3.14
4.98
4.95
4.97
4.85
2.85
1.01
1.01
3.82
4.3
2.52
1.17
1.03
4.33
5.0
5.0
1.01
1.0
1.0
1.0
4.99
4.99
4.33
1.1
4.99
4.04
4.04
1.0
1.0
2.33
1.01
1.0
3.87
2.52
2.97
4.96
3.43
2.37
1.01
1.01
3.02
1.08
1.42
4.7
2.1
4.87
1.05
1.08
1.04
1.05
4.66
4.13
1.04
1.05
2.45
1.15
4.76
4.49
1.09
4.07
4.03
3.55
1.13
1.92
2.83
1.28
4.96
4.43
1.16
1.02
3.83
2.68
3.16
1.34
2.28
4.79
4.97
4.97
4.95
1.49
1.17
2.65
3.04
3.62
1.01
3.24
1.01
3.81
3.0
4.99
2.91
1.03
4.99
5.0
2.65
2.65
3.77
4.37
3.89
2.84
1.0
3.78
2.32
4.49
4.99
1.02
1.61
2.35
1.01
1.01
1.1
2.9
2.95
4.19
3.54
1.14
1.01
1.01
1.15
4.23
1.0
1.0
2.3
1.17
1.0
1.0
1.94
4.07
3.95
4.37
1.52
4.87
1.1
3.13
3.46
3.07
4.65
4.83
4.2
4.7
1.02
1.14
3.46
3.55
3.03
1.47
1.73
1.02
1.28
1.06
1.12
4.87
2.56
2.95
1.02
4.1
1.23
1.52
3.13
1.84
1.61
2.92
1.85
1.11
4.33
1.15
1.0
2.05
3.21
1.0
3.68
1.0
1.66
1.0
3.06
1.83
1.03
2.19
3.15
1.22
4.99
2.01
4.33
2.3
2.3
1.01
4.99
2.35
1.02
2.36
1.01
1.03
1.25
1.05
4.16
1.01
1.01
1.01
3.99
1.12
3.41
1.33
1.34
4.85
4.85
3.66
3.66
4.99
4.62
4.95
2.48
1.07
1.25
1.03
1.09
1.01
1.3
3.1
4.75
2.26
3.65
2.37
4.93
4.75
4.98
1.66
4.5
1.01
1.02
1.07
1.04
1.13
1.21
4.24
3.86
4.19
1.68
4.16
1.79
2.06
4.25
3.16
4.69
1.23
1.05
3.79
1.88
1.09
1.0
1.0
1.0
1.0
3.19
2.1
2.13
1.34
2.93
2.28
4.13
4.33
4.97
2.18
3.88
1.06
2.45
1.89
4.11
4.67
4.35
2.94
1.11
4.94
4.95
4.15
1.03
4.96
1.07
4.7
1.04
3.38
4.48
1.04
1.09
1.02
4.91
4.48
4.99
1.01
1.01
2.48
4.19
1.04
2.63
4.91
4.91
4.82
4.82
2.94
4.36
4.02
2.15
2.98
3.71
3.87
3.31
1.02
1.76
1.02
4.69
4.21
4.39
4.4
1.83
4.75
1.82
1.53
2.58
1.48
1.08
1.01
1.01
1.01
4.37
2.73
3.66
4.68
2.87
3.36
3.66
1.11
1.14
1.84
2.57
3.05
2.74
2.15
3.91
1.42
1.04
4.72
2.84
4.66
4.33
1.18
3.27
3.27
2.02
1.58
4.67
4.21
4.86
4.07
4.31
1.02
1.04
1.01
1.78
1.06
3.92
4.91
1.02
2.22
4.95
3.73
2.14
1.03
2.44
1.01
1.01
1.02
1.02
4.72
1.51
1.03
3.39
3.11
1.01
1.42
1.04
5.0
1.39
2.3
3.0
4.58
1.0
1.04
4.99
3.68
1.01
1.0
1.15
1.23
1.03
1.01
1.01
1.01
1.71
1.37
1.07
1.03
1.67
2.82
4.73
4.04
4.16
4.15
4.22
2.95
1.61
3.61
3.34
1.07
1.94
1.11
1.44
2.72
2.85
2.52
3.34
3.29
1.44
2.55
3.0
3.0
1.91
3.26
4.55
4.99
4.69
2.91
4.46
5.0
2.36
2.59
2.92
2.56
3.18
3.05
2.97
1.01
1.16
2.52
1.0
1.01
2.04
2.71
2.78
2.46
1.37
1.86
2.74
4.05
1.0
2.25
1.55
1.84
1.21
1.0
1.8
1.46
3.51
1.0
4.14
3.34
3.63
4.41
3.14
3.49
3.49
2.87
4.27
4.99
4.77
3.71
1.0
1.79
1.79
1.0
2.02
2.02
1.0
1.01
1.01
1.0
4.2
1.5
1.91
4.67
2.08
4.43
2.9
3.0
1.47
3.05
3.11
2.1
4.42
4.33
1.0
1.0
1.0
1.0
1.0
1.0
1.0
1.0
1.0
1.0
1.0
1.0
1.0
1.0
1.0
1.0
1.0
3.08
1.07
1.06
1.03
1.0
1.0
4.1
4.1
5.0
4.96
4.59
3.78
3.52
4.73
4.66
4.65
3.64
4.28
3.61
4.18
2.01
3.6
4.4
4.22
4.27
3.87
5.0
3.9
4.38
3.79
4.09
3.05
5.0
4.15
3.77
4.0
3.25
4.91
4.35
4.35
4.84
3.39
1.95
5.0
3.88
3.15
3.92
2.8
2.8
1.86
4.84
2.03
4.86
5.0
1.03
4.91
2.15
3.32
3.15
2.41
1.22
4.96
2.29
1.73
1.0
3.81
2.54
3.85
5.0
1.01
3.26
4.94
3.41
4.76
3.13
2.88
4.48
1.33
1.76
1.93
3.11
3.95
3.07
1.05
4.71
3.23
2.41
2.41
1.0
4.99
4.37
4.64
2.73
2.55
2.98
4.46
3.24
4.26
1.0
2.84
2.96
2.25
2.24
2.01
2.53
2.0
3.7
2.3
1.0
2.9
4.99
1.01
3.51
2.33
3.88
4.19
1.83
1.94
1.66
2.13
2.09
4.78
1.0
1.0
1.0
1.07
1.09
1.9
1.46
4.45
3.88
2.91
4.51
2.98
3.94
4.02
1.6
4.34
4.34
2.67
2.04
1.32
3.98
3.04
1.89
2.1
4.95
4.99
4.99
4.77
4.67
4.93
1.79
2.07
3.52
1.69
4.86
1.49
3.84
4.22
1.06
3.92
1.13
1.16
3.99
1.03
4.04
3.05
2.47
1.1
4.65
4.86
4.97
3.47
1.02
2.27
1.05
1.58
1.27
3.0
1.01
2.65
2.88
3.63
1.16
2.58
1.58
4.98
4.49
1.65
1.91
1.03
1.02
4.31
1.97
3.73
3.98
4.69
3.28
4.36
2.31
4.31
3.77
4.65
3.59
1.34
1.55
4.3
2.14
1.08
3.56
1.0
1.38
1.02
4.91
2.2
4.14
3.76
4.78
4.51
3.91
4.78
1.83
1.11
4.99
1.72
2.91
2.43
2.43
4.07
4.69
3.84
3.42
3.85
4.87
3.65
2.7
4.12
4.91
4.46
3.28
3.28
2.34
3.04
3.28
1.08
1.98
1.02
2.28
1.2
1.37
3.2
2.29
2.96
4.42
4.84
4.1
3.81
3.04
2.27
3.24
4.28
4.27
3.7
4.0
2.43
4.11
4.14
1.62
2.19
1.06
2.31
4.85
4.79
3.63
4.79
1.05
1.67
3.88
2.16
2.32
1.14
3.32
2.01
2.78
2.92
1.05
3.68
4.59
4.63
4.63
4.67
3.77
1.02
1.84
1.4
4.73
1.02
1.04
3.34
2.8
1.31
4.2
4.2
3.82
3.82
4.39
1.01
3.16
1.16
1.21
1.02
4.81
1.11
1.13
1.38
2.33
4.98
1.02
4.9
1.99
2.26
2.76
2.98
4.0
2.62
4.26
2.45
3.54
4.17
2.27
1.06
4.15
2.68
2.04
3.04
1.14
3.27
1.06
2.06
1.45
3.93
1.85
1.01
4.37
3.65
4.06
3.1
1.7
1.0
3.98
3.93
2.27
3.83
4.98
1.0
2.78
2.78
3.95
1.05
3.38
1.93
4.06
2.01
2.73
1.06
2.18
1.71
1.02
2.38
3.85
4.91
4.94
4.85
4.14
1.12
3.41
1.52
1.58
3.15
4.99
1.01
1.04
3.47
1.01
1.67
3.21
1.22
4.86
3.28
4.93
1.02
3.83
4.8
4.5
4.88
4.89
3.19
3.69
4.72
4.33
4.99
1.01
4.69
4.69
3.58
1.01
3.03
2.54
1.26
1.57
3.77
2.18
2.57
3.8
3.13
4.11
3.02
3.74
3.16
3.16
3.14
4.04
4.42
1.94
1.04
1.04
3.63
1.65
3.75
1.86
4.69
1.05
4.32
4.32
3.38
1.01
4.98
1.44
1.01
1.01
1.01
1.05
2.86
1.1
3.25
1.06
1.47
1.01
1.72
1.54
1.05
1.01
1.01
4.4
3.72
1.04
4.11
1.58
2.82
1.05
1.05
4.98
2.65
4.99
2.76
4.91
4.08
4.2
2.91
2.03
1.07
2.26
1.0
3.11
1.0
1.02
1.29
4.98
1.01
4.68
4.83
2.04
4.47
1.75
4.0
4.2
1.28
4.44
2.11
1.24
1.48
2.18
1.01
1.58
2.07
4.77
4.47
4.7
1.06
3.91
2.19
3.86
5.0
4.54
5.0
5.0
5.0
4.36
1.0
1.22
2.53
3.29
1.24
1.0
1.0
1.09
1.01
2.89
1.45
2.12
2.12
2.12
1.19
2.09
3.19
2.3
1.0
4.78
1.1
1.15
2.39
1.66
3.73
1.68
1.32
1.06
1.02
1.13
1.01
1.01
4.01
3.46
2.26
4.53
3.08
4.22
3.7
3.44
2.24
4.07
4.84
3.38
4.22
4.33
1.9
4.02
4.19
2.13
2.2
2.05
4.99
1.12
4.99
3.28
4.96
1.99
1.58
4.99
4.09
2.09
3.5
3.24
4.7
4.14
3.93
4.89
2.78
2.78
4.73
2.82
1.83
2.45
1.01
2.8
4.17
1.08
3.13
4.33
3.88
3.88
1.8
2.05
2.34
2.2
4.68
1.95
1.21
3.53
1.04
4.84
3.37
1.97
1.97
4.14
2.02
2.76
1.92
3.35
1.01
4.28
4.59
2.53
2.4
3.78
2.18
1.72
4.04
5.0
3.71
4.43
2.76
4.39
3.04
3.04
2.99
4.99
2.72
3.86
3.86
4.99
3.18
1.0
1.65
1.44
1.91
1.0
2.18
1.0
1.32
1.0
1.22
1.01
1.02
1.18
1.0
1.01
2.41
1.0
1.39
2.96
4.83
1.16
1.07
1.73
1.82
3.96
4.61
1.06
1.98
3.37
4.84
3.39
4.46
2.0
4.83
4.79
3.44
4.67
1.48
4.48
4.1
3.36
4.39
3.72
1.24
1.71
1.04
3.73
2.69
1.01
1.26
1.21
3.25
1.94
1.02
1.89
1.94
1.02
1.02
1.02
4.83
3.66
3.74
3.26
2.0
2.69
4.72
3.12
4.39
2.89
4.08
1.15
1.64
1.02
1.02
3.55
3.28
3.92
1.74
1.03
4.32
1.02
1.02
1.24
2.39
1.16
3.87
1.12
1.02
4.9
1.02
1.02
3.22
1.36
3.82
4.61
4.15
4.51
3.04
2.16
4.01
1.63
1.14
1.05
1.65
1.04
1.02
4.19
1.02
3.44
3.59
2.02
1.04
3.91
1.14
3.49
4.13
4.67
4.9
4.44
1.01
3.96
1.06
2.68
4.48
4.45
4.16
2.15
3.66
1.1
4.66
2.01
3.91
4.32
3.58
2.76
1.27
3.33
1.91
1.93
4.46
4.22
1.77
3.98
4.83
1.02
3.7
4.92
4.4
4.45
4.69
1.01
3.18
4.37
1.02
4.3
4.72
3.17
2.97
3.34
1.02
4.84
1.52
4.48
2.11
3.02
1.02
1.01
1.76
2.51
1.95
1.25
4.31
1.28
3.52
3.68
4.74
3.42
4.05
4.79
4.53
4.47
2.26
3.37
4.16
3.83
3.75
2.74
2.74
3.91
3.43
3.04
3.6
4.25
1.39
1.09
1.0
3.55
1.0
4.22
1.01
2.4
3.2
2.45
2.09
2.63
4.11
1.0
1.01
1.02
1.01
1.01
1.75
1.12
3.42
4.86
4.97
4.93
1.33
2.41
2.96
4.6
4.07
4.97
4.4
4.9
4.97
3.69
3.69
1.11
1.19
2.8
3.87
1.87
3.3
1.09
1.55
1.07
1.14
1.64
1.04
2.9
1.01
1.01
1.07
4.11
2.38
3.26
1.01
1.63
1.21
2.58
2.0
1.14
3.62
3.71
1.07
2.95
4.71
4.55
4.8
4.89
1.76
2.99
4.0
4.57
4.88
3.04
2.19
4.87
4.96
2.58
2.52
1.41
1.8
1.02
1.02
1.76
1.78
4.14
2.82
2.08
3.78
3.78
3.11
2.52
4.81
1.97
3.91
1.38
2.03
1.8
1.01
1.0
1.01
1.01
1.01
1.0
1.0
1.0
1.0
1.0
1.0
1.0
4.87
1.63
1.37
1.8
1.1
3.38
4.08
4.19
1.01
4.09
2.72
1.44
1.03
4.9
1.78
3.2
2.83
1.06
4.35
4.83
2.69
3.21
1.15
1.18
1.45
1.89
1.07
4.97
2.03
1.07
4.18
4.47
4.47
4.56
4.19
3.52
1.01
1.01
1.01
2.8
1.27
1.27
4.62
3.97
3.78
2.05
1.42
2.81
1.97
3.27
2.0
1.46
4.87
3.26
2.18
1.25
2.06
4.81
4.97
3.73
4.93
4.98
2.14
1.2
3.46
2.8
4.06
1.93
4.5
1.73
1.21
1.07
4.4
4.71
4.42
4.97
4.1
2.05
4.45
4.37
3.2
1.88
4.9
2.73
4.4
2.34
2.85
1.92
1.26
2.11
1.01
2.95
4.92
3.57
4.11
3.23
4.17
4.77
1.08
3.9
1.92
2.16
4.55
4.99
1.08
4.93
4.98
3.3
1.0
4.96
4.5
4.9
4.92
4.76
3.22
4.98
1.78
4.97
1.01
4.69
4.99
1.67
3.11
1.16
4.77
3.85
4.73
1.68
4.22
4.16
3.83
2.64
1.03
2.4
4.08
4.22
4.08
4.82
4.9
3.35
4.88
4.01
3.49
2.33
4.1
4.97
4.72
3.59
2.7
2.54
1.02
1.72
3.28
1.01
3.3
2.34
2.48
2.29
1.03
2.39
4.07
2.98
3.75
2.7
1.04
2.94
2.94
2.94
2.29
1.17
1.36
1.11
1.21
2.47
2.02
1.93
3.99
4.93
4.79
4.79
3.73
3.04
1.56
3.59
3.66
4.87
4.83
1.01
4.74
1.01
3.49
3.49
1.09
3.68
3.68
3.68
4.99
1.06
3.86
4.98
3.0
1.03
1.01
1.83
2.04
1.03
4.55
2.1
1.02
1.39
3.99
2.76
1.76
1.01
3.35
4.59
3.34
4.86
4.86
1.58
4.84
4.48
2.64
4.83
4.97
3.77
2.96
2.99
2.43
2.89
4.1
4.59
3.14
4.95
1.12
1.24
4.95
4.24
1.69
2.81
4.55
1.07
4.37
3.64
2.84
3.81
4.49
4.11
4.86
4.08
4.73
1.45
3.12
3.98
3.98
1.0
1.0
4.26
4.63
4.07
4.45
4.16
1.67
3.64
1.14
1.42
1.21
1.04
3.06
1.21
1.18
4.58
3.13
2.77
2.77
4.54
2.07
3.75
4.51
1.51
1.13
1.63
4.91
1.95
4.59
3.96
3.02
3.35
1.29
3.82
4.23
4.68
4.32
4.83
2.54
4.06
1.14
4.42
2.29
2.49
3.42
3.44
2.39
3.38
2.05
3.99
3.87
3.13
3.86
3.9
2.3
1.51
4.6
4.16
1.01
1.01
1.01
1.01
3.7
3.47
1.17
1.45
2.96
3.14
2.89
1.07
4.62
2.3
3.59
2.64
2.48
1.07
2.32
2.47
2.68
1.12
3.23
1.0
1.0
1.0
1.0
1.0
1.0
1.0
1.0
1.0
1.0
1.0
4.79
1.01
1.01
1.07
4.89
1.12
3.06
3.06
1.07
4.89
1.09
4.14
4.17
1.83
1.81
2.53
4.74
2.57
3.31
1.58
2.06
1.04
4.32
4.29
4.4
2.93
1.06
3.39
4.03
4.16
1.66
1.03
4.44
1.39
3.31
3.44
1.75
2.58
4.39
1.01
2.74
1.0
1.0
1.01
3.07
4.52
4.7
2.96
3.38
4.06
4.44
4.44
3.24
4.61
3.78
2.57
4.53
3.98
1.0
1.0
1.21
3.05
4.76
3.82
3.96
3.07
2.96
2.32
1.0
1.02
4.47
1.18
2.16
3.55
4.64
1.51
1.14
1.92
3.76
4.33
4.99
3.96
1.0
1.0
1.01
2.89
2.68
1.0
1.01
1.24
3.3
3.3
3.82
3.87
4.98
1.12
2.81
3.23
1.01
1.03
3.88
1.04
4.75
3.47
1.98
1.01
3.97
1.04
2.46
2.65
1.96
4.97
4.98
4.98
1.03
1.08
3.94
1.25
4.9
2.0
4.69
4.63
3.22
3.31
4.15
1.49
4.53
4.33
1.36
1.13
1.26
4.11
4.11
4.11
4.75
4.14
4.14
1.04
1.0
1.0
1.0
1.08
2.91
1.0
3.01
3.01
1.68
1.63
1.0
1.0
1.0
1.82
1.19
1.03
3.1
3.57
1.08
1.52
4.99
4.73
4.88
4.75
3.91
1.01
1.01
2.68
2.68
1.87
4.95
4.96
3.29
1.81
3.12
4.65
4.95
1.08
1.12
1.04
4.07
4.46
4.29
2.83
1.7
2.17
1.78
1.99
2.1
4.26
2.81
1.05
4.36
4.2
2.08
4.74
1.94
3.7
1.5
3.75
1.25
4.15
1.91
4.71
3.4
1.05
1.03
4.03
1.05
1.09
3.59
4.53
1.66
4.59
4.89
5.0
4.76
1.46
2.94
3.53
5.0
1.69
1.01
4.43
2.32
1.21
4.33
1.64
1.87
3.22
1.7
1.02
1.14
1.9
1.02
4.09
4.1
4.32
4.32
4.32
4.85
1.01
3.58
1.31
4.44
4.94
2.88
4.58
3.8
3.4
1.1
1.24
4.17
3.7
3.04
3.32
1.78
4.08
1.95
3.25
4.63
4.19
3.12
4.19
4.63
3.16
1.95
1.1
3.14
4.18
4.96
3.5
4.21
2.12
1.02
3.58
1.25
3.93
1.74
3.13
3.6
4.23
1.49
4.19
4.06
1.06
4.08
3.11
2.56
2.67
1.01
1.01
1.01
1.01
1.01
1.01
1.01
1.04
2.01
1.09
4.09
2.63
1.1
1.03
4.72
1.78
4.12
4.14
4.31
3.7
1.02
2.26
4.61
3.91
3.89
3.63
2.19
2.87
1.27
1.41
5.0
4.33
4.33
1.0
1.0
1.0
1.0
1.0
1.0
1.0
1.0
1.0
1.0
1.0
1.0
1.0
4.52
4.74
2.96
2.96
2.83
2.84
4.99
4.96
4.99
3.21
4.95
4.95
3.96
3.49
3.49
3.49
3.49
4.48
4.48
2.2
5.0
4.3
2.02
1.16
4.34
4.99
1.0
4.99
1.01
2.09
1.01
1.8
1.0
4.96
1.07
1.04
1.07
1.07
1.07
4.13
1.69
1.03
1.2
1.08
1.72
3.45
4.95
4.63
4.84
1.05
1.15
2.27
4.55
1.97
1.43
4.75
4.98
4.53
1.5
1.34
1.19
4.97
2.49
1.05
1.2
4.78
1.08
1.22
3.87
3.87
1.78
1.03
1.24
3.66
3.37
3.37
3.37
1.14
4.05
3.51
1.07
4.98
1.51
1.02
1.07
3.29
1.37
4.47
1.01
4.12
1.19
3.09
4.17
1.64
2.76
2.76
3.34
2.0
1.64
1.64
1.13
2.72
1.04
1.1
3.77
4.18
3.04
4.38
4.13
3.71
3.45
3.92
2.99
2.87
3.66
1.01
1.02
3.64
4.29
3.0
1.25
1.98
4.74
1.23
2.23
1.4
1.02
3.61
3.29
3.74
3.45
1.73
1.02
1.08
3.95
4.97
2.8
1.8
2.15
1.94
2.46
3.33
3.21
1.42
4.48
3.12
3.2
4.8
3.51
1.05
4.63
1.5
3.94
3.34
4.17
3.8
2.78
2.23
4.24
2.91
4.47
1.05
3.57
2.2
2.2
1.23
4.19
1.75
1.01
4.55
4.55
4.89
4.89
3.15
4.97
4.42
3.1
4.32
4.32
2.77
2.77
2.77
2.91
1.01
1.01
3.37
2.25
1.11
1.48
1.01
3.42
4.97
4.98
1.31
1.83
1.65
4.84
1.14
3.46
4.05
3.87
1.52
4.14
4.07
1.01
2.42
4.1
3.89
3.89
1.52
1.35
2.64
2.96
1.3
2.98
1.12
4.95
4.21
3.78
3.78
2.56
1.0
1.01
3.03
1.01
1.0
2.65
2.72
1.08
1.01
1.02
1.0
1.67
1.0
3.1
4.32
4.32
4.3
1.0
1.0
2.49
1.01
4.36
4.11
1.68
2.5
2.98
1.71
3.73
3.54
4.19
4.21
4.61
3.12
1.87
3.12
2.66
3.81
3.98
3.59
4.61
4.61
2.23
2.68
4.2
3.91
1.63
1.67
1.03
3.77
2.87
4.03
2.7
3.78
2.96
3.14
3.14
1.02
1.02
3.34
1.02
1.16
1.06
4.72
4.73
1.17
1.62
1.83
1.01
1.02
1.37
2.74
2.96
3.34
1.33
3.34
1.01
2.69
1.12
1.01
4.39
4.59
3.18
1.05
4.52
4.99
4.99
3.67
1.01
4.66
1.95
3.27
1.52
4.05
3.22
3.22
2.34
4.33
2.72
2.72
1.06
2.37
1.0
1.01
1.01
2.06
1.04
1.03
3.16
4.1
4.48
1.13
1.73
3.49
1.17
1.36
4.03
3.66
3.66
3.29
3.29
2.16
2.16
1.01
1.99
1.99
3.03
3.01
1.01
1.02
1.18
1.01
1.02
3.04
3.48
3.48
1.03
2.01
2.71
1.04
1.05
2.18
2.98
1.17
4.93
4.22
4.88
1.4
1.0
1.0
4.07
2.85
1.03
1.01
3.63
4.96
2.5
4.02
1.72
2.05
1.01
2.3
1.01
1.77
1.17
1.96
1.16
1.16
1.23
1.04
2.4
1.92
1.01
1.01
1.19
1.19
1.36
1.01
1.48
4.82
2.05
4.46
4.68
4.0
4.46
3.08
4.06
4.38
3.05
2.03
4.95
1.09
1.01
4.05
1.41
4.99
4.0
2.09
4.99
4.74
4.52
3.16
4.98
1.66
1.08
1.02
1.0
1.75
1.73
1.36
3.36
2.5
1.14
1.7
2.33
1.07
1.0
1.07
2.5
3.89
1.1
1.03
4.98
1.0
3.69
3.32
3.32
3.63
4.5
4.06
4.99
1.59
4.89
1.13
1.46
4.42
1.42
4.23
1.19
3.63
4.45
1.38
1.01
3.88
1.22
4.97
4.18
2.55
3.76
3.42
1.11
2.9
4.74
1.02
2.5
2.2
2.06
4.74
2.95
4.04
4.04
1.87
1.53
1.21
4.36
4.12
3.92
4.1
4.31
1.11
4.35
1.24
1.37
1.04
1.77
3.64
4.99
3.61
3.74
3.27
4.23
1.25
3.43
3.43
1.02
1.02
1.02
1.02
1.02
1.02
1.02
1.02
4.06
2.44
2.97
3.16
3.97
1.02
3.57
3.45
3.45
1.03
3.67
1.02
1.04
1.02
1.01
1.02
4.25
4.02
4.33
3.44
3.9
3.46
2.06
4.23
1.03
1.88
1.02
2.03
1.09
4.79
1.03
1.57
1.45
1.06
1.06
4.49
4.42
1.58
2.11
4.35
3.3
2.79
1.67
3.99
2.95
3.2
3.89
4.87
4.71
3.36
3.53
1.73
1.01
1.12
1.03
3.83
1.25
1.01
2.75
2.28
1.09
4.61
1.19
2.59
3.79
3.55
2.6
2.27
1.03
1.48
1.77
1.05
1.33
1.38
2.76
4.01
4.01
4.01
1.08
1.02
1.01
1.01
3.27
4.62
4.31
4.04
2.6
2.78
1.51
1.76
4.9
1.26
4.73
1.09
2.4
1.16
1.02
3.02
1.01
1.03
4.71
1.12
1.01
1.0
1.01
2.03
1.53
1.0
2.61
3.93
4.81
4.43
4.21
1.47
2.48
3.76
1.0
1.18
1.1
4.99
2.64
2.64
1.01
1.0
1.01
1.84
1.01
4.97
3.61
1.03
4.04
4.6
3.87
1.22
3.07
1.08
1.88
2.56
1.37
2.26
3.57
3.35
3.2
4.55
1.02
1.02
1.02
2.68
4.49
4.04
4.04
1.02
1.12
1.01
1.01
1.01
1.01
1.01
1.01
4.97
4.97
3.29
4.26
1.86
1.21
1.01
1.09
3.52
3.52
1.35
2.89
4.6
1.88
3.99
1.87
3.96
1.34
1.06
4.95
4.68
4.99
4.97
1.01
4.97
3.9
4.74
4.74
4.39
3.91
2.73
3.91
4.68
3.25
1.39
4.99
4.99
1.07
1.02
1.02
2.04
2.92
3.27
4.08
4.98
4.24
4.47
4.87
3.82
3.44
4.55
1.39
4.49
1.18
2.0
2.6
1.66
2.25
1.85
3.71
1.43
1.06
1.45
2.81
1.01
1.01
3.84
1.15
1.03
1.07
2.91
3.9
2.06
1.29
1.23
2.94
4.01
4.01
4.01
4.75
4.06
1.05
2.57
4.62
4.98
1.89
1.01
1.01
1.88
2.24
4.99
4.73
1.09
3.11
1.57
1.04
4.99
1.01
2.22
2.19
2.19
1.69
1.3
2.43
2.54
2.0
4.98
4.96
1.26
1.01
1.01
1.72
4.98
4.97
4.36
4.36
4.32
1.04
3.59
4.54
3.76
3.91
1.77
3.39
2.05
3.57
3.57
4.49
4.15
3.33
1.94
4.27
1.01
3.22
1.06
1.06
1.06
2.15
4.51
1.01
4.99
1.17
4.9
1.84
1.09
1.08
4.01
2.7
1.01
1.7
1.62
1.0
1.0
1.0
1.0
1.0
1.0
1.0
1.0
1.0
1.0
1.0
1.0
1.0
1.0
1.0
1.0
1.0
1.0
4.9
1.01
1.02
1.36
1.17
2.03
4.73
4.17
4.35
1.25
3.5
4.72
2.83
3.27
1.09
1.03
2.97
2.58
3.79
3.22
3.79
1.6
4.11
4.97
4.8
4.42
3.42
1.03
1.03
4.84
2.47
1.26
1.55
4.34
3.69
4.33
4.91
1.95
1.88
2.77
3.52
4.42
4.42
3.74
1.08
4.38
4.53
4.05
4.05
3.23
2.97
1.06
3.29
1.05
1.01
2.35
1.08
2.67
4.0
2.64
4.98
4.2
4.16
3.76
2.87
1.01
2.22
3.38
4.98
2.35
2.16
4.98
1.01
1.7
2.79
4.34
3.02
3.17
3.17
4.27
1.0
4.76
1.0
1.02
4.61
2.39
1.87
1.0
3.67
4.86
1.24
2.3
2.21
4.05
3.99
1.91
1.53
1.66
4.25
1.9
3.84
2.82
1.43
2.2
3.53
3.85
4.2
2.12
1.01
1.01
1.01
1.01
4.1
4.07
1.02
1.09
3.87
4.21
4.88
3.5
3.5
1.73
4.71
2.87
2.7
2.7
3.96
4.55
2.93
1.69
1.34
3.42
2.64
1.8
3.59
1.01
1.85
1.01
1.23
1.01
1.01
3.11
1.01
1.76
3.02
1.87
4.67
2.1
3.8
4.1
3.53
1.07
1.62
1.1
1.06
2.47
3.8
3.38
2.9
4.56
1.08
4.04
2.74
1.59
1.03
1.02
3.75
3.35
3.74
4.34
3.27
3.55
4.6
2.28
4.58
1.38
2.16
1.14
1.13
4.05
1.31
1.16
4.13
1.05
2.26
1.5
1.5
4.13
1.48
1.29
1.18
3.38
2.77
3.3
1.01
4.65
2.23
3.4
2.57
2.85
3.59
2.35
1.17
2.76
3.61
3.95
1.01
3.88
2.68
1.28
3.68
3.67
4.64
4.58
1.08
2.51
1.19
1.37
2.26
1.42
4.95
4.64
1.5
1.06
4.88
3.55
1.05
2.9
2.9
2.87
4.11
2.37
2.99
2.36
1.3
4.22
3.67
1.25
1.06
4.91
1.02
1.75
1.03
1.04
4.92
1.15
3.94
3.46
3.83
1.91
2.68
2.71
3.24
4.67
2.83
3.4
1.83
1.41
3.36
4.7
3.84
2.92
1.13
4.92
4.07
2.15
1.3
3.53
4.96
4.39
4.91
2.17
3.72
4.11
3.74
2.83
1.86
2.93
4.45
2.9
2.63
3.34
2.69
4.25
3.75
4.71
1.02
2.2
1.01
3.51
1.36
3.38
1.33
1.43
1.04
1.68
3.1
1.0
1.03
1.65
1.1
1.01
1.96
1.01
1.01
1.01
3.42
4.63
2.53
1.0
1.14
1.0
1.01
1.01
1.36
3.86
4.96
4.32
4.58
4.95
1.02
4.39
1.02
4.98
4.24
1.07
3.91
3.45
2.38
1.02
1.05
1.39
3.94
4.55
3.46
3.97
3.81
3.81
4.31
4.45
2.29
1.99
4.47
4.48
4.13
4.09
3.35
4.94
4.98
4.53
4.53
4.15
4.53
2.25
4.97
1.33
1.61
2.81
1.31
1.01
1.01
1.14
2.82
4.98
1.8
1.44
3.64
2.3
4.47
1.01
3.05
1.04
1.02
4.46
4.99
4.15
4.35
3.67
3.96
3.96
1.02
5.0
3.57
3.84
3.84
1.01
1.0
1.0
1.01
1.01
3.37
1.67
1.86
1.95
1.22
1.09
3.89
4.43
3.49
1.44
4.78
3.09
3.09
1.1
3.43
2.81
2.76
3.35
3.35
2.57
4.88
3.78
2.85
4.54
4.6
1.22
2.58
1.25
1.08
1.36
1.74
1.72
3.55
1.62
3.71
5.0
3.63
1.1
2.79
2.18
4.29
1.07
2.57
4.64
1.44
2.88
2.23
3.84
2.37
4.07
2.1
3.67
3.67
1.24
1.01
1.14
4.2
1.02
1.04
2.34
1.25
4.87
4.85
4.25
1.04
2.75
3.03
3.0
4.08
1.94
1.01
1.02
1.6
3.8
1.59
1.02
1.07
2.2
4.95
4.76
4.71
3.46
1.66
1.01
1.01
3.42
1.56
1.13
3.44
4.77
3.6
4.72
3.78
2.25
4.53
3.63
4.45
1.99
3.48
3.48
4.31
4.66
4.64
1.36
1.79
2.98
2.18
4.2
4.57
4.09
4.09
3.41
3.94
3.79
2.27
3.89
2.87
1.59
1.2
1.38
1.58
4.75
2.97
1.02
1.02
1.04
2.24
4.9
4.44
4.75
3.01
3.01
3.31
3.02
3.51
3.56
1.08
1.97
2.65
1.14
3.86
4.12
4.36
3.43
4.1
4.14
4.14
3.0
1.16
4.02
4.3
4.54
4.26
4.39
3.63
3.82
4.43
3.87
3.82
4.85
4.41
4.38
3.57
3.29
1.91
3.72
3.72
2.42
2.42
4.65
3.88
4.52
2.56
4.92
4.52
4.0
4.55
3.3
1.23
1.98
2.84
1.53
1.22
3.75
1.0
1.28
1.86
1.01
1.29
1.28
2.38
2.86
1.68
2.37
2.07
1.17
4.04
1.64
3.94
2.59
2.59
1.06
1.02
1.14
1.0
3.89
1.0
1.16
4.01
3.94
4.92
2.32
3.83
1.65
2.37
4.97
3.97
3.99
4.71
4.84
1.03
4.72
4.85
4.95
1.36
1.85
2.22
4.64
3.49
1.04
4.77
4.01
3.47
1.58
4.06
2.88
5.0
4.35
5.0
5.0
1.0
2.81
1.0
1.0
1.67
5.0
1.11
3.11
3.16
3.16
4.17
4.17
4.89
4.98
4.98
4.97
4.65
4.36
4.99
2.69
1.24
3.03
3.03
1.1
3.73
1.0
1.0
1.24
1.0
3.25
1.02
2.74
4.36
2.03
1.02
2.67
4.87
1.52
1.08
4.15
3.77
4.47
4.19
3.85
3.32
1.68
4.72
4.44
2.26
4.9
3.98
3.98
3.02
1.0
2.47
4.73
1.6
1.0
1.93
4.76
1.07
1.04
3.22
2.38
1.06
4.68
4.69
2.21
2.07
4.95
2.89
4.71
4.76
4.21
1.03
1.41
1.02
2.14
2.74
1.69
1.17
1.13
4.21
1.91
1.03
1.23
1.03
2.42
1.1
2.97
2.18
1.09
4.2
2.93
4.01
1.11
1.27
2.81
2.97
4.57
1.48
1.0
1.0
1.0
1.0
1.01
1.01
1.01
1.01
1.01
3.77
1.46
2.01
4.77
1.94
1.79
1.13
3.22
1.71
1.58
1.02
4.93
4.34
2.62
1.87
3.23
2.54
4.13
1.02
1.18
1.0
1.0
3.77
3.55
4.66
4.99
4.13
4.98
4.32
4.32
2.65
1.0
1.0
3.23
3.38
1.0
2.98
1.0
3.88
2.99
2.99
2.99
1.51
1.54
4.97
4.91
1.02
3.94
2.21
2.71
4.98
4.98
3.48
1.01
1.97
3.67
2.32
1.74
3.68
3.0
4.95
4.97
4.31
1.02
1.01
3.23
4.33
1.04
1.04
4.3
2.03
3.56
1.13
1.1
3.54
4.55
4.94
4.04
1.44
1.02
4.11
4.94
3.95
3.8
4.17
1.04
4.94
2.02
4.1
1.22
4.69
4.06
4.73
1.06
3.12
4.99
4.99
4.98
4.79
1.2
1.0
1.0
1.57
1.0
1.0
1.06
1.84
1.01
1.01
4.98
1.02
2.53
1.3
1.01
1.01
1.07
3.9
3.9
1.02
2.05
1.77
4.37
1.7
1.03
1.08
1.02
2.38
1.01
1.85
1.01
1.01
2.51
4.12
4.95
1.09
4.71
4.61
3.97
2.45
4.14
1.02
1.61
1.02
2.29
2.91
1.0
1.01
1.0
1.0
1.0
1.0
1.83
1.4
3.87
1.15
4.34
2.97
1.45
3.2
1.0
1.28
1.01
1.77
1.0
1.0
1.01
2.07
4.08
4.09
4.26
1.06
4.06
2.76
4.25
4.52
4.32
3.79
3.03
1.65
4.45
2.7
2.23
3.64
2.04
2.07
2.39
4.7
2.1
4.81
2.44
3.79
2.72
1.43
3.49
3.31
2.93
2.16
2.54
3.68
3.32
3.32
3.85
1.9
3.79
2.73
2.73
3.94
3.55
4.94
4.5
1.2
1.47
1.71
4.36
3.29
3.29
4.68
3.45
3.43
4.74
4.71
3.87
1.01
2.45
1.19
1.01
1.18
1.01
1.01
1.49
1.35
3.21
2.09
1.89
4.34
4.81
1.03
1.01
4.87
4.77
3.12
4.89
4.99
3.29
3.41
3.41
3.41
3.52
3.81
3.5
3.5
3.71
3.09
3.56
3.56
3.56
3.56
1.2
3.81
3.63
3.07
3.07
2.83
1.27
1.68
3.8
1.03
2.07
4.09
4.42
4.99
2.92
2.92
1.0
2.27
1.33
1.27
1.94
1.92
3.21
4.02
1.0
3.67
1.0
2.08
2.96
2.83
4.4
3.28
4.15
1.07
3.9
3.68
3.77
1.59
3.26
3.8
4.29
1.43
2.09
2.62
3.73
1.36
1.01
1.01
1.44
3.89
1.16
1.33
1.74
1.81
4.91
1.29
4.81
2.53
4.62
1.31
4.99
3.91
4.98
1.01
1.01
3.16
4.19
1.67
4.74
3.23
3.58
3.12
3.64
4.7
1.05
1.38
1.05
2.68
2.83
4.3
3.35
2.0
1.11
3.96
2.61
1.01
4.32
3.22
4.09
4.36
2.05
3.96
1.99
4.2
1.01
1.17
1.0
1.0
2.19
2.35
1.34
1.0
1.0
3.6
3.94
2.57
2.57
4.71
2.73
2.26
2.13
1.1
4.77
3.61
2.75
2.71
1.25
3.6
3.6
1.05
3.25
3.5
2.29
2.5
2.05
1.04
3.41
1.1
2.29
2.48
3.96
2.41
2.41
2.41
3.17
3.17
4.97
2.81
2.81
4.64
4.99
4.99
4.99
4.98
4.57
4.88
4.88
4.88
4.88
2.58
2.68
3.66
3.66
1.4
1.4
2.57
1.0
1.0
1.91
1.0
1.0
1.15
1.0
1.32
1.0
2.01
1.0
1.0
1.03
1.19
2.26
1.7
2.36
1.12
2.66
4.19
1.03
1.56
1.79
3.7
1.02
1.02
1.59
3.74
4.59
3.3
2.42
1.12
4.28
4.77
4.77
3.72
3.86
2.39
1.27
1.44
1.07
1.48
1.94
4.83
1.5
3.83
1.02
1.01
1.64
4.03
1.06
4.06
4.75
2.42
4.16
3.95
1.01
2.64
3.03
3.03
3.82
3.82
3.82
3.82
2.84
2.72
4.58
2.43
4.64
1.16
1.37
1.05
2.9
2.15
1.03
1.0
4.69
4.0
4.76
4.02
1.16
3.19
3.2
4.37
3.07
2.94
3.21
3.21
3.21
1.01
1.11
1.72
4.39
4.92
4.54
2.57
2.1
1.38
4.67
2.48
2.15
3.03
2.77
2.03
1.04
3.89
3.89
2.84
4.56
1.91
1.9
2.58
2.58
1.78
1.69
2.91
3.64
1.47
1.83
3.39
1.54
1.82
1.09
2.45
3.7
1.06
1.22
2.47
1.07
1.18
1.81
1.48
2.08
3.86
3.15
4.28
1.95
1.95
1.07
4.14
3.68
1.57
1.79
3.25
2.48
1.58
1.99
4.0
4.06
4.57
2.56
4.76
4.21
5.0
4.33
4.33
4.33
4.99
4.33
1.0
1.0
1.06
1.0
1.0
1.67
1.0
1.01
4.33
2.33
3.68
4.99
1.67
4.99
4.99
1.74
1.74
1.0
4.16
1.0
1.0
1.0
1.0
1.0
2.0
4.07
1.91
3.78
4.01
3.71
2.29
3.98
1.4
4.97
4.33
4.99
1.01
1.03
2.57
3.1
1.03
1.04
3.82
3.82
3.42
1.35
4.11
1.27
3.99
3.29
3.93
1.05
1.13
4.98
1.01
1.01
1.24
1.41
1.11
4.98
4.96
4.74
4.74
2.45
1.33
1.58
3.05
3.05
3.84
1.12
1.15
1.15
3.79
4.9
4.56
3.14
3.91
3.91
4.14
3.65
2.25
3.36
4.27
1.08
3.36
1.11
1.74
1.42
3.99
2.92
3.35
2.63
3.13
3.13
4.46
3.76
2.01
3.55
2.3
1.88
1.58
2.98
2.42
1.15
3.37
3.37
4.64
3.05
1.74
1.25
2.66
4.97
4.8
4.8
4.74
3.81
3.81
4.36
4.08
4.34
2.96
3.51
3.51
1.34
2.4
3.24
3.24
1.01
1.07
1.02
1.35
3.93
4.82
1.45
4.59
3.49
4.84
4.55
3.28
1.93
4.72
4.63
3.03
3.54
3.3
3.9
3.99
2.19
2.92
1.06
1.15
1.02
4.56
4.56
1.95
4.46
3.59
1.0
2.97
3.22
5.0
2.74
2.38
2.38
4.07
1.05
1.73
1.4
1.68
3.78
3.02
4.66
3.12
1.14
3.55
4.03
2.07
1.88
1.0
1.01
1.78
1.59
2.26
2.26
2.77
1.0
1.13
1.0
1.22
4.86
1.22
1.01
1.01
1.01
1.98
2.02
3.86
1.02
2.47
1.02
2.97
3.0
4.85
2.32
1.07
1.02
4.33
4.99
3.79
3.79
1.0
1.0
1.95
3.95
4.95
4.97
1.99
3.7
1.98
3.97
2.8
1.05
1.05
1.05
1.05
1.02
1.02
1.02
1.03
1.23
1.49
1.41
1.06
2.82
4.93
1.26
1.12
4.57
1.62
4.9
1.61
3.51
4.0
1.65
1.02
1.02
1.02
4.78
4.99
3.25
3.25
4.78
4.97
4.95
3.52
3.51
4.95
4.77
3.8
4.02
1.41
4.53
1.04
1.01
1.03
1.01
1.9
2.22
3.17
1.3
1.42
1.44
1.67
2.02
1.0
1.0
1.53
1.62
1.21
4.87
4.99
4.33
1.01
1.57
1.13
4.98
1.44
1.02
4.35
4.33
1.4
1.4
4.95
4.99
2.92
1.02
4.69
1.64
1.73
1.71
1.71
1.86
1.1
1.0
1.0